$Elements
2811
1 2 2 10 1 10 110 105
2 2 2 10 1 24 105 110
3 2 2 10 1 105 115 113
4 2 2 10 1 9 105 113
5 2 2 10 1 25 115 105
6 2 2 10 1 9 10 105
7 2 2 10 1 24 25 105
8 2 2 10 1 15 106 111
9 2 2 10 1 19 111 106
10 2 2 10 1 106 114 112
11 2 2 10 1 18 106 112
12 2 2 10 1 16 114 106
13 2 2 10 1 15 16 106
14 2 2 10 1 18 19 106
15 2 2 10 1 12 109 107
16 2 2 10 1 22 107 109
17 2 2 10 1 11 107 110
18 2 2 10 1 23 110 107
19 2 2 10 1 11 12 107
20 2 2 10 1 22 23 107
21 2 2 10 1 13 108 109
22 2 2 10 1 21 109 108
23 2 2 10 1 14 111 108
24 2 2 10 1 20 108 111
25 2 2 10 1 13 14 108
26 2 2 10 1 20 21 108
27 2 2 10 1 12 13 109
28 2 2 10 1 21 22 109
29 2 2 10 1 10 11 110
30 2 2 10 1 23 24 110
31 2 2 10 1 14 15 111
32 2 2 10 1 19 20 111
33 2 2 10 1 17 112 114
34 2 2 10 1 3 112 17
35 2 2 10 1 3 18 112
36 2 2 10 1 26 113 115
37 2 2 10 1 1 9 113
38 2 2 10 1 1 113 26
39 2 2 10 1 2 114 16
40 2 2 10 1 2 17 114
41 2 2 10 1 4 115 25
42 2 2 10 1 4 26 115
43 2 2 20 2 124 44 126
44 2 2 20 2 124 5 44
45 2 2 20 2 44 8 126
46 2 2 20 2 121 28 116
47 2 2 20 2 116 42 121
48 2 2 20 2 126 116 124
49 2 2 20 2 116 27 124
50 2 2 20 2 126 43 116
51 2 2 20 2 28 27 116
52 2 2 20 2 43 42 116
53 2 2 20 2 117 33 122
54 2 2 20 2 122 37 117
55 2 2 20 2 125 117 123
56 2 2 20 2 117 36 123
57 2 2 20 2 125 34 117
58 2 2 20 2 34 33 117
59 2 2 20 2 37 36 117
60 2 2 20 2 120 30 118
61 2 2 20 2 118 40 120
62 2 2 20 2 118 29 121
63 2 2 20 2 121 41 118
64 2 2 20 2 30 29 118
65 2 2 20 2 41 40 118
66 2 2 20 2 119 31 120
67 2 2 20 2 120 39 119
68 2 2 20 2 122 32 119
69 2 2 20 2 119 38 122
70 2 2 20 2 32 31 119
71 2 2 20 2 39 38 119
72 2 2 20 2 31 30 120
73 2 2 20 2 40 39 120
74 2 2 20 2 29 28 121
75 2 2 20 2 42 41 121
76 2 2 20 2 33 32 122
77 2 2 20 2 38 37 122
78 2 2 20 2 123 35 125
79 2 2 20 2 123 7 35
80 2 2 20 2 36 7 123
81 2 2 20 2 27 5 124
82 2 2 20 2 125 6 34
83 2 2 20 2 35 6 125
84 2 2 20 2 126 8 43
85 2 2 30 3 130 60 61
86 2 2 30 3 144 60 130
87 2 2 30 3 144 2 60
88 2 2 30 3 137 61 62
89 2 2 30 3 130 61 137
90 2 2 30 3 129 62 63
91 2 2 30 3 137 62 129
92 2 2 30 3 138 63 64
93 2 2 30 3 129 63 138
94 2 2 30 3 127 64 65
95 2 2 30 3 138 64 127
96 2 2 30 3 136 65 66
97 2 2 30 3 127 65 136
98 2 2 30 3 128 66 67
99 2 2 30 3 136 66 128
100 2 2 30 3 135 67 68
101 2 2 30 3 128 67 135
102 2 2 30 3 131 68 69
103 2 2 30 3 135 68 131
104 2 2 30 3 139 69 70
105 2 2 30 3 131 69 139
106 2 2 30 3 132 70 71
107 2 2 30 3 139 70 132
108 2 2 30 3 140 71 72
109 2 2 30 3 132 71 140
110 2 2 30 3 133 72 73
111 2 2 30 3 140 72 133
112 2 2 30 3 134 73 74
113 2 2 30 3 133 73 134
114 2 2 30 3 134 74 143
115 2 2 30 3 74 6 143
116 2 2 30 3 76 75 130
117 2 2 30 3 130 75 141
118 2 2 30 3 75 3 141
119 2 2 30 3 77 76 137
120 2 2 30 3 137 76 130
121 2 2 30 3 78 77 129
122 2 2 30 3 129 77 137
123 2 2 30 3 79 78 138
124 2 2 30 3 138 78 129
125 2 2 30 3 80 79 127
126 2 2 30 3 127 79 138
127 2 2 30 3 81 80 136
128 2 2 30 3 136 80 127
129 2 2 30 3 82 81 128
130 2 2 30 3 128 81 136
131 2 2 30 3 83 82 135
132 2 2 30 3 135 82 128
133 2 2 30 3 84 83 131
134 2 2 30 3 131 83 135
135 2 2 30 3 85 84 139
136 2 2 30 3 139 84 131
137 2 2 30 3 86 85 132
138 2 2 30 3 132 85 139
139 2 2 30 3 87 86 140
140 2 2 30 3 140 86 132
141 2 2 30 3 88 87 133
142 2 2 30 3 133 87 140
143 2 2 30 3 89 88 134
144 2 2 30 3 134 88 133
145 2 2 30 3 142 89 134
146 2 2 30 3 142 7 89
147 2 2 30 3 144 130 141
148 2 2 30 3 142 134 143
149 2 2 30 3 141 3 17
150 2 2 30 3 141 17 144
151 2 2 30 3 143 35 142
152 2 2 30 3 35 7 142
153 2 2 30 3 143 6 35
154 2 2 30 3 17 2 144
155 2 2 40 4 75 76 241
156 2 2 40 4 3 75 306
157 2 2 40 4 75 201 306
158 2 2 40 4 75 241 201
159 2 2 40 4 76 77 241
160 2 2 40 4 77 78 240
161 2 2 40 4 77 240 194
162 2 2 40 4 77 194 241
163 2 2 40 4 78 79 272
164 2 2 40 4 78 272 240
165 2 2 40 4 79 80 268
166 2 2 40 4 191 79 268
167 2 2 40 4 272 79 191
168 2 2 40 4 80 81 290
169 2 2 40 4 80 290 268
170 2 2 40 4 81 82 214
171 2 2 40 4 81 214 290
172 2 2 40 4 82 83 188
173 2 2 40 4 82 188 214
174 2 2 40 4 83 84 254
175 2 2 40 4 83 254 188
176 2 2 40 4 84 85 304
177 2 2 40 4 84 304 254
178 2 2 40 4 85 86 232
179 2 2 40 4 85 199 304
180 2 2 40 4 85 232 199
181 2 2 40 4 86 87 264
182 2 2 40 4 86 264 232
183 2 2 40 4 87 88 202
184 2 2 40 4 87 202 264
185 2 2 40 4 88 89 270
186 2 2 40 4 88 270 202
187 2 2 40 4 7 244 89
188 2 2 40 4 89 244 270
189 2 2 40 4 90 291 91
190 2 2 40 4 4 284 90
191 2 2 40 4 90 284 291
192 2 2 40 4 91 212 92
193 2 2 40 4 91 291 212
194 2 2 40 4 92 282 93
195 2 2 40 4 92 212 282
196 2 2 40 4 93 223 94
197 2 2 40 4 93 282 223
198 2 2 40 4 94 229 95
199 2 2 40 4 94 223 229
200 2 2 40 4 95 196 96
201 2 2 40 4 95 229 196
202 2 2 40 4 96 220 97
203 2 2 40 4 96 196 220
204 2 2 40 4 97 300 98
205 2 2 40 4 97 220 300
206 2 2 40 4 98 261 99
207 2 2 40 4 98 213 261
208 2 2 40 4 98 300 213
209 2 2 40 4 99 315 100
210 2 2 40 4 99 261 315
211 2 2 40 4 100 233 101
212 2 2 40 4 315 233 100
213 2 2 40 4 101 265 102
214 2 2 40 4 101 233 265
215 2 2 40 4 102 203 103
216 2 2 40 4 102 265 203
217 2 2 40 4 103 271 104
218 2 2 40 4 103 203 271
219 2 2 40 4 8 104 245
220 2 2 40 4 104 271 245
221 2 2 40 4 18 274 19
222 2 2 40 4 3 306 18
223 2 2 40 4 18 201 274
224 2 2 40 4 18 306 201
225 2 2 40 4 19 204 20
226 2 2 40 4 19 274 204
227 2 2 40 4 20 248 21
228 2 2 40 4 20 204 248
229 2 2 40 4 21 197 22
230 2 2 40 4 21 248 197
231 2 2 40 4 22 236 23
232 2 2 40 4 22 197 236
233 2 2 40 4 23 250 24
234 2 2 40 4 23 184 250
235 2 2 40 4 23 236 184
236 2 2 40 4 24 250 25
237 2 2 40 4 4 25 284
238 2 2 40 4 25 250 284
239 2 2 40 4 36 37 286
240 2 2 40 4 7 36 244
241 2 2 40 4 36 286 244
242 2 2 40 4 37 38 216
243 2 2 40 4 37 216 286
244 2 2 40 4 38 39 276
245 2 2 40 4 38 276 216
246 2 2 40 4 39 40 211
247 2 2 40 4 39 211 276
248 2 2 40 4 40 41 275
249 2 2 40 4 40 275 211
250 2 2 40 4 41 42 217
251 2 2 40 4 41 217 275
252 2 2 40 4 42 43 287
253 2 2 40 4 42 287 217
254 2 2 40 4 8 245 43
255 2 2 40 4 43 245 287
256 2 2 40 4 170 245 271
257 2 2 40 4 170 287 245
258 2 2 40 4 148 205 246
259 2 2 40 4 148 246 221
260 2 2 40 4 167 246 190
261 2 2 40 4 167 221 246
262 2 2 40 4 190 246 205
263 2 2 40 4 163 277 247
264 2 2 40 4 176 247 277
265 2 2 40 4 176 280 247
266 2 2 40 4 215 247 280
267 2 2 40 4 148 247 215
268 2 2 40 4 148 221 247
269 2 2 40 4 163 247 221
270 2 2 40 4 165 197 248
271 2 2 40 4 165 248 204
272 2 2 40 4 164 249 255
273 2 2 40 4 192 255 249
274 2 2 40 4 153 249 313
275 2 2 40 4 191 313 249
276 2 2 40 4 153 192 249
277 2 2 40 4 164 191 249
278 2 2 40 4 186 284 250
279 2 2 40 4 184 288 250
280 2 2 40 4 186 250 288
281 2 2 40 4 151 258 251
282 2 2 40 4 169 251 258
283 2 2 40 4 151 251 218
284 2 2 40 4 169 216 251
285 2 2 40 4 182 251 216
286 2 2 40 4 182 218 251
287 2 2 40 4 152 252 259
288 2 2 40 4 170 259 252
289 2 2 40 4 152 266 252
290 2 2 40 4 183 252 266
291 2 2 40 4 170 252 217
292 2 2 40 4 183 217 252
293 2 2 40 4 149 257 253
294 2 2 40 4 177 253 257
295 2 2 40 4 149 253 210
296 2 2 40 4 163 210 253
297 2 2 40 4 163 253 226
298 2 2 40 4 177 226 253
299 2 2 40 4 171 254 304
300 2 2 40 4 171 188 254
301 2 2 40 4 147 255 192
302 2 2 40 4 147 207 255
303 2 2 40 4 164 255 207
304 2 2 40 4 150 273 256
305 2 2 40 4 168 256 273
306 2 2 40 4 150 256 238
307 2 2 40 4 168 223 256
308 2 2 40 4 181 256 223
309 2 2 40 4 181 238 256
310 2 2 40 4 149 224 257
311 2 2 40 4 166 257 224
312 2 2 40 4 166 237 257
313 2 2 40 4 177 257 237
314 2 2 40 4 151 305 258
315 2 2 40 4 173 258 305
316 2 2 40 4 169 258 202
317 2 2 40 4 173 202 258
318 2 2 40 4 152 259 228
319 2 2 40 4 170 203 259
320 2 2 40 4 174 259 203
321 2 2 40 4 174 228 259
322 2 2 40 4 154 196 260
323 2 2 40 4 154 260 225
324 2 2 40 4 168 225 260
325 2 2 40 4 168 260 229
326 2 2 40 4 196 229 260
327 2 2 40 4 261 172 315
328 2 2 40 4 172 261 213
329 2 2 40 4 148 262 205
330 2 2 40 4 148 215 262
331 2 2 40 4 171 262 188
332 2 2 40 4 171 205 262
333 2 2 40 4 188 262 215
334 2 2 40 4 159 288 263
335 2 2 40 4 184 263 288
336 2 2 40 4 157 263 301
337 2 2 40 4 184 301 263
338 2 2 40 4 311 263 157
339 2 2 40 4 195 263 311
340 2 2 40 4 159 263 195
341 2 2 40 4 173 264 202
342 2 2 40 4 173 232 264
343 2 2 40 4 174 203 265
344 2 2 40 4 174 265 233
345 2 2 40 4 158 295 266
346 2 2 40 4 183 266 295
347 2 2 40 4 152 307 266
348 2 2 40 4 198 266 307
349 2 2 40 4 158 266 198
350 2 2 40 4 155 267 293
351 2 2 40 4 193 293 267
352 2 2 40 4 155 297 267
353 2 2 40 4 173 267 297
354 2 2 40 4 173 305 267
355 2 2 40 4 193 267 305
356 2 2 40 4 187 268 290
357 2 2 40 4 187 313 268
358 2 2 40 4 191 268 313
359 2 2 40 4 154 269 196
360 2 2 40 4 154 237 269
361 2 2 40 4 166 220 269
362 2 2 40 4 166 269 237
363 2 2 40 4 196 269 220
364 2 2 40 4 169 202 270
365 2 2 40 4 169 270 244
366 2 2 40 4 170 271 203
367 2 2 40 4 164 272 191
368 2 2 40 4 164 240 272
369 2 2 40 4 150 235 273
370 2 2 40 4 168 273 225
371 2 2 40 4 175 225 273
372 2 2 40 4 175 273 235
373 2 2 40 4 160 274 201
374 2 2 40 4 160 204 274
375 2 2 40 4 183 295 275
376 2 2 40 4 211 275 295
377 2 2 40 4 183 275 217
378 2 2 40 4 182 276 296
379 2 2 40 4 211 296 276
380 2 2 40 4 182 216 276
381 2 2 40 4 145 277 226
382 2 2 40 4 145 242 277
383 2 2 40 4 163 226 277
384 2 2 40 4 176 277 242
385 2 2 40 4 155 278 297
386 2 2 40 4 199 297 278
387 2 2 40 4 155 205 278
388 2 2 40 4 171 199 278
389 2 2 40 4 171 278 205
390 2 2 40 4 156 200 279
391 2 2 40 4 156 279 219
392 2 2 40 4 172 279 200
393 2 2 40 4 172 219 279
394 2 2 40 4 161 280 208
395 2 2 40 4 161 215 280
396 2 2 40 4 176 208 280
397 2 2 40 4 156 281 200
398 2 2 40 4 156 228 281
399 2 2 40 4 174 281 228
400 2 2 40 4 174 233 281
401 2 2 40 4 200 281 233
402 2 2 40 4 181 282 312
403 2 2 40 4 212 312 282
404 2 2 40 4 181 223 282
405 2 2 40 4 157 301 283
406 2 2 40 4 197 283 301
407 2 2 40 4 157 283 206
408 2 2 40 4 165 283 197
409 2 2 40 4 165 206 283
410 2 2 40 4 186 291 284
411 2 2 40 4 158 198 285
412 2 2 40 4 158 285 218
413 2 2 40 4 178 218 285
414 2 2 40 4 178 285 234
415 2 2 40 4 198 234 285
416 2 2 40 4 169 286 216
417 2 2 40 4 169 244 286
418 2 2 40 4 170 217 287
419 2 2 40 4 159 186 288
420 2 2 40 4 162 289 230
421 2 2 40 4 162 231 289
422 2 2 40 4 189 289 192
423 2 2 40 4 189 230 289
424 2 2 40 4 192 289 231
425 2 2 40 4 303 290 161
426 2 2 40 4 187 290 303
427 2 2 40 4 290 214 161
428 2 2 40 4 159 291 186
429 2 2 40 4 159 212 291
430 2 2 40 4 151 292 305
431 2 2 40 4 193 305 292
432 2 2 40 4 151 218 292
433 2 2 40 4 178 292 218
434 2 2 40 4 178 239 292
435 2 2 40 4 193 292 239
436 2 2 40 4 155 293 205
437 2 2 40 4 190 205 293
438 2 2 40 4 190 293 239
439 2 2 40 4 193 239 293
440 2 2 40 4 160 294 204
441 2 2 40 4 160 207 294
442 2 2 40 4 165 204 294
443 2 2 40 4 165 294 222
444 2 2 40 4 207 222 294
445 2 2 40 4 158 211 295
446 2 2 40 4 158 296 211
447 2 2 40 4 158 218 296
448 2 2 40 4 182 296 218
449 2 2 40 4 173 297 232
450 2 2 40 4 199 232 297
451 2 2 40 4 154 298 308
452 2 2 40 4 209 308 298
453 2 2 40 4 154 225 298
454 2 2 40 4 175 209 298
455 2 2 40 4 175 298 225
456 2 2 40 4 179 299 314
457 2 2 40 4 210 314 299
458 2 2 40 4 149 210 299
459 2 2 40 4 149 299 219
460 2 2 40 4 179 219 299
461 2 2 40 4 166 213 300
462 2 2 40 4 166 300 220
463 2 2 40 4 184 236 301
464 2 2 40 4 197 301 236
465 2 2 40 4 302 180 156
466 2 2 40 4 302 156 219
467 2 2 40 4 179 302 219
468 2 2 40 4 179 227 302
469 2 2 40 4 180 302 227
470 2 2 40 4 153 313 303
471 2 2 40 4 187 303 313
472 2 2 40 4 153 303 208
473 2 2 40 4 161 208 303
474 2 2 40 4 171 304 199
475 2 2 40 4 152 228 307
476 2 2 40 4 180 307 228
477 2 2 40 4 307 180 234
478 2 2 40 4 198 307 234
479 2 2 40 4 154 308 237
480 2 2 40 4 177 308 209
481 2 2 40 4 177 237 308
482 2 2 40 4 153 309 192
483 2 2 40 4 153 208 309
484 2 2 40 4 189 192 309
485 2 2 40 4 189 309 242
486 2 2 40 4 208 242 309
487 2 2 40 4 185 310 311
488 2 2 40 4 195 311 310
489 2 2 40 4 150 310 235
490 2 2 40 4 150 238 310
491 2 2 40 4 185 235 310
492 2 2 40 4 195 310 238
493 2 2 40 4 157 206 311
494 2 2 40 4 185 311 206
495 2 2 40 4 159 312 212
496 2 2 40 4 159 238 312
497 2 2 40 4 181 312 238
498 2 2 40 4 167 314 210
499 2 2 40 4 167 243 314
500 2 2 40 4 179 314 243
501 2 2 40 4 315 172 200
502 2 2 40 4 200 233 315
503 2 2 40 4 146 190 239
504 2 2 40 4 146 243 190
505 2 2 40 4 146 234 227
506 2 2 40 4 146 227 243
507 2 2 40 4 146 239 234
508 2 2 40 4 145 230 189
509 2 2 40 4 145 189 242
510 2 2 40 4 145 226 209
511 2 2 40 4 145 209 230
512 2 2 40 4 147 192 231
513 2 2 40 4 147 206 222
514 2 2 40 4 147 231 206
515 2 2 40 4 147 222 207
516 2 2 40 4 149 219 224
517 2 2 40 4 156 180 228
518 2 2 40 4 159 195 238
519 2 2 40 4 160 194 207
520 2 2 40 4 160 241 194
521 2 2 40 4 160 201 241
522 2 2 40 4 161 214 188
523 2 2 40 4 161 188 215
524 2 2 40 4 162 185 231
525 2 2 40 4 162 235 185
526 2 2 40 4 162 230 235
527 2 2 40 4 163 221 210
528 2 2 40 4 164 207 194
529 2 2 40 4 164 194 240
530 2 2 40 4 165 222 206
531 2 2 40 4 166 224 213
532 2 2 40 4 167 190 243
533 2 2 40 4 167 210 221
534 2 2 40 4 168 229 223
535 2 2 40 4 172 213 224
536 2 2 40 4 172 224 219
537 2 2 40 4 175 230 209
538 2 2 40 4 175 235 230
539 2 2 40 4 176 242 208
540 2 2 40 4 177 209 226
541 2 2 40 4 178 234 239
542 2 2 40 4 179 243 227
543 2 2 40 4 180 227 234
544 2 2 40 4 185 206 231
545 2 2 50 5 44 5 331
546 2 2 50 5 332 8 44
547 2 2 50 5 332 44 331
548 2 2 50 5 46 45 319
549 2 2 50 5 45 1 330
550 2 2 50 5 319 45 330
551 2 2 50 5 47 46 326
552 2 2 50 5 326 46 319
553 2 2 50 5 48 47 318
554 2 2 50 5 318 47 326
555 2 2 50 5 49 48 327
556 2 2 50 5 327 48 318
557 2 2 50 5 50 49 316
558 2 2 50 5 316 49 327
559 2 2 50 5 51 50 325
560 2 2 50 5 325 50 316
561 2 2 50 5 52 51 317
562 2 2 50 5 317 51 325
563 2 2 50 5 53 52 324
564 2 2 50 5 324 52 317
565 2 2 50 5 54 53 320
566 2 2 50 5 320 53 324
567 2 2 50 5 55 54 328
568 2 2 50 5 328 54 320
569 2 2 50 5 56 55 321
570 2 2 50 5 321 55 328
571 2 2 50 5 57 56 329
572 2 2 50 5 329 56 321
573 2 2 50 5 58 57 322
574 2 2 50 5 322 57 329
575 2 2 50 5 59 58 323
576 2 2 50 5 323 58 322
577 2 2 50 5 331 5 59
578 2 2 50 5 331 59 323
579 2 2 50 5 319 90 91
580 2 2 50 5 333 4 90
581 2 2 50 5 333 90 319
582 2 2 50 5 326 91 92
583 2 2 50 5 319 91 326
584 2 2 50 5 318 92 93
585 2 2 50 5 326 92 318
586 2 2 50 5 327 93 94
587 2 2 50 5 318 93 327
588 2 2 50 5 316 94 95
589 2 2 50 5 327 94 316
590 2 2 50 5 325 95 96
591 2 2 50 5 316 95 325
592 2 2 50 5 317 96 97
593 2 2 50 5 325 96 317
594 2 2 50 5 324 97 98
595 2 2 50 5 317 97 324
596 2 2 50 5 320 98 99
597 2 2 50 5 324 98 320
598 2 2 50 5 328 99 100
599 2 2 50 5 320 99 328
600 2 2 50 5 321 100 101
601 2 2 50 5 328 100 321
602 2 2 50 5 329 101 102
603 2 2 50 5 321 101 329
604 2 2 50 5 322 102 103
605 2 2 50 5 329 102 322
606 2 2 50 5 323 103 104
607 2 2 50 5 322 103 323
608 2 2 50 5 104 8 332
609 2 2 50 5 323 104 332
610 2 2 50 5 26 4 333
611 2 2 50 5 330 1 26
612 2 2 50 5 330 26 333
613 2 2 50 5 333 319 330
614 2 2 50 5 331 323 332
615 2 2 60 6 45 46 430
616 2 2 60 6 1 45 495
617 2 2 60 6 45 430 390
618 2 2 60 6 45 390 495
619 2 2 60 6 46 47 430
620 2 2 60 6 47 48 429
621 2 2 60 6 47 429 383
622 2 2 60 6 47 383 430
623 2 2 60 6 48 49 461
624 2 2 60 6 48 461 429
625 2 2 60 6 49 50 457
626 2 2 60 6 380 49 457
627 2 2 60 6 461 49 380
628 2 2 60 6 50 51 479
629 2 2 60 6 50 479 457
630 2 2 60 6 51 52 403
631 2 2 60 6 51 403 479
632 2 2 60 6 52 53 377
633 2 2 60 6 52 377 403
634 2 2 60 6 53 54 443
635 2 2 60 6 53 443 377
636 2 2 60 6 54 55 493
637 2 2 60 6 54 493 443
638 2 2 60 6 55 56 421
639 2 2 60 6 55 421 388
640 2 2 60 6 55 388 493
641 2 2 60 6 56 57 453
642 2 2 60 6 56 453 421
643 2 2 60 6 57 58 391
644 2 2 60 6 57 391 453
645 2 2 60 6 58 59 459
646 2 2 60 6 58 459 391
647 2 2 60 6 5 433 59
648 2 2 60 6 59 433 459
649 2 2 60 6 60 480 61
650 2 2 60 6 2 473 60
651 2 2 60 6 60 473 480
652 2 2 60 6 61 401 62
653 2 2 60 6 61 480 401
654 2 2 60 6 62 471 63
655 2 2 60 6 62 401 471
656 2 2 60 6 63 412 64
657 2 2 60 6 63 471 412
658 2 2 60 6 64 418 65
659 2 2 60 6 64 412 418
660 2 2 60 6 65 385 66
661 2 2 60 6 65 418 385
662 2 2 60 6 66 409 67
663 2 2 60 6 66 385 409
664 2 2 60 6 67 489 68
665 2 2 60 6 67 409 489
666 2 2 60 6 68 450 69
667 2 2 60 6 68 402 450
668 2 2 60 6 68 489 402
669 2 2 60 6 69 504 70
670 2 2 60 6 69 450 504
671 2 2 60 6 70 422 71
672 2 2 60 6 504 422 70
673 2 2 60 6 71 454 72
674 2 2 60 6 71 422 454
675 2 2 60 6 72 392 73
676 2 2 60 6 72 454 392
677 2 2 60 6 73 460 74
678 2 2 60 6 73 392 460
679 2 2 60 6 6 74 434
680 2 2 60 6 74 460 434
681 2 2 60 6 9 463 10
682 2 2 60 6 1 495 9
683 2 2 60 6 9 390 463
684 2 2 60 6 9 495 390
685 2 2 60 6 10 393 11
686 2 2 60 6 10 463 393
687 2 2 60 6 11 437 12
688 2 2 60 6 11 393 437
689 2 2 60 6 12 386 13
690 2 2 60 6 12 437 386
691 2 2 60 6 13 425 14
692 2 2 60 6 13 386 425
693 2 2 60 6 14 439 15
694 2 2 60 6 14 425 373
695 2 2 60 6 14 373 439
696 2 2 60 6 15 439 16
697 2 2 60 6 2 16 473
698 2 2 60 6 16 439 473
699 2 2 60 6 27 28 475
700 2 2 60 6 5 27 433
701 2 2 60 6 27 475 433
702 2 2 60 6 28 29 405
703 2 2 60 6 28 405 475
704 2 2 60 6 29 30 465
705 2 2 60 6 29 465 405
706 2 2 60 6 30 31 400
707 2 2 60 6 30 400 465
708 2 2 60 6 31 32 464
709 2 2 60 6 31 464 400
710 2 2 60 6 32 33 406
711 2 2 60 6 32 406 464
712 2 2 60 6 33 34 476
713 2 2 60 6 33 476 406
714 2 2 60 6 6 434 34
715 2 2 60 6 34 434 476
716 2 2 60 6 345 369 417
717 2 2 60 6 491 369 345
718 2 2 60 6 345 389 468
719 2 2 60 6 345 470 389
720 2 2 60 6 345 468 408
721 2 2 60 6 491 345 408
722 2 2 60 6 345 417 470
723 2 2 60 6 346 472 395
724 2 2 60 6 346 395 500
725 2 2 60 6 346 452 490
726 2 2 60 6 500 452 346
727 2 2 60 6 346 490 472
728 2 2 60 6 347 455 387
729 2 2 60 6 347 387 474
730 2 2 60 6 347 400 484
731 2 2 60 6 347 485 400
732 2 2 60 6 347 474 407
733 2 2 60 6 347 407 485
734 2 2 60 6 347 484 455
735 2 2 60 6 348 375 477
736 2 2 60 6 348 480 375
737 2 2 60 6 348 384 427
738 2 2 60 6 348 452 384
739 2 2 60 6 348 401 480
740 2 2 60 6 348 501 401
741 2 2 60 6 348 427 501
742 2 2 60 6 348 477 452
743 2 2 60 6 349 383 396
744 2 2 60 6 349 430 383
745 2 2 60 6 349 390 430
746 2 2 60 6 349 463 390
747 2 2 60 6 349 393 463
748 2 2 60 6 349 483 393
749 2 2 60 6 349 396 483
750 2 2 60 6 350 403 377
751 2 2 60 6 350 377 404
752 2 2 60 6 350 469 397
753 2 2 60 6 350 397 492
754 2 2 60 6 479 403 350
755 2 2 60 6 350 404 469
756 2 2 60 6 492 479 350
757 2 2 60 6 351 374 420
758 2 2 60 6 351 424 374
759 2 2 60 6 351 419 424
760 2 2 60 6 351 478 419
761 2 2 60 6 351 420 478
762 2 2 60 6 352 410 399
763 2 2 60 6 352 399 442
764 2 2 60 6 352 436 410
765 2 2 60 6 352 442 415
766 2 2 60 6 352 415 466
767 2 2 60 6 352 466 436
768 2 2 60 6 353 380 438
769 2 2 60 6 353 461 380
770 2 2 60 6 353 396 383
771 2 2 60 6 353 383 429
772 2 2 60 6 353 444 396
773 2 2 60 6 353 429 461
774 2 2 60 6 353 438 444
775 2 2 60 6 354 386 437
776 2 2 60 6 354 472 386
777 2 2 60 6 354 437 393
778 2 2 60 6 354 393 483
779 2 2 60 6 354 411 395
780 2 2 60 6 354 395 472
781 2 2 60 6 354 483 411
782 2 2 60 6 355 413 402
783 2 2 60 6 355 402 489
784 2 2 60 6 355 409 458
785 2 2 60 6 355 489 409
786 2 2 60 6 355 446 413
787 2 2 60 6 355 426 446
788 2 2 60 6 355 458 426
789 2 2 60 6 356 379 432
790 2 2 60 6 356 435 379
791 2 2 60 6 356 399 410
792 2 2 60 6 356 503 399
793 2 2 60 6 356 410 435
794 2 2 60 6 356 432 503
795 2 2 60 6 357 418 412
796 2 2 60 6 357 412 445
797 2 2 60 6 357 414 449
798 2 2 60 6 357 462 414
799 2 2 60 6 357 449 418
800 2 2 60 6 357 445 462
801 2 2 60 6 358 447 391
802 2 2 60 6 358 391 459
803 2 2 60 6 358 405 440
804 2 2 60 6 358 475 405
805 2 2 60 6 358 459 433
806 2 2 60 6 358 433 475
807 2 2 60 6 358 440 447
808 2 2 60 6 359 392 448
809 2 2 60 6 359 460 392
810 2 2 60 6 359 441 406
811 2 2 60 6 359 406 476
812 2 2 60 6 359 434 460
813 2 2 60 6 359 476 434
814 2 2 60 6 359 448 441
815 2 2 60 6 360 377 443
816 2 2 60 6 360 451 377
817 2 2 60 6 360 388 467
818 2 2 60 6 360 493 388
819 2 2 60 6 360 394 451
820 2 2 60 6 360 467 394
821 2 2 60 6 360 443 493
822 2 2 60 6 361 468 389
823 2 2 60 6 504 361 389
824 2 2 60 6 361 402 413
825 2 2 60 6 361 450 402
826 2 2 60 6 361 413 408
827 2 2 60 6 361 408 468
828 2 2 60 6 450 361 504
829 2 2 60 6 362 391 447
830 2 2 60 6 362 453 391
831 2 2 60 6 362 421 453
832 2 2 60 6 362 486 421
833 2 2 60 6 362 447 494
834 2 2 60 6 362 456 486
835 2 2 60 6 362 494 456
836 2 2 60 6 363 448 392
837 2 2 60 6 363 392 454
838 2 2 60 6 363 417 448
839 2 2 60 6 363 470 417
840 2 2 60 6 363 454 422
841 2 2 60 6 363 422 470
842 2 2 60 6 364 419 398
843 2 2 60 6 364 398 487
844 2 2 60 6 364 414 462
845 2 2 60 6 364 487 414
846 2 2 60 6 364 424 419
847 2 2 60 6 364 462 424
848 2 2 60 6 365 431 397
849 2 2 60 6 365 397 469
850 2 2 60 6 365 466 431
851 2 2 60 6 365 436 466
852 2 2 60 6 365 469 436
853 2 2 60 6 366 398 415
854 2 2 60 6 366 497 398
855 2 2 60 6 366 415 442
856 2 2 60 6 366 446 426
857 2 2 60 6 366 426 497
858 2 2 60 6 366 442 446
859 2 2 60 6 367 407 474
860 2 2 60 6 367 481 407
861 2 2 60 6 367 423 428
862 2 2 60 6 367 474 423
863 2 2 60 6 367 428 481
864 2 2 60 6 368 408 488
865 2 2 60 6 368 491 408
866 2 2 60 6 368 432 416
867 2 2 60 6 368 416 491
868 2 2 60 6 368 503 432
869 2 2 60 6 368 488 503
870 2 2 60 6 369 416 423
871 2 2 60 6 369 491 416
872 2 2 60 6 369 496 417
873 2 2 60 6 496 369 423
874 2 2 60 6 370 445 412
875 2 2 60 6 370 412 471
876 2 2 60 6 370 427 445
877 2 2 60 6 370 501 427
878 2 2 60 6 370 471 501
879 2 2 60 6 371 440 405
880 2 2 60 6 371 405 465
881 2 2 60 6 371 407 440
882 2 2 60 6 371 485 407
883 2 2 60 6 371 465 485
884 2 2 60 6 372 406 441
885 2 2 60 6 372 464 406
886 2 2 60 6 372 441 455
887 2 2 60 6 372 455 484
888 2 2 60 6 372 484 464
889 2 2 60 6 373 425 490
890 2 2 60 6 373 477 439
891 2 2 60 6 373 452 477
892 2 2 60 6 373 490 452
893 2 2 60 6 374 395 420
894 2 2 60 6 374 500 395
895 2 2 60 6 374 424 499
896 2 2 60 6 374 499 500
897 2 2 60 6 375 473 439
898 2 2 60 6 375 439 477
899 2 2 60 6 375 480 473
900 2 2 60 6 376 457 479
901 2 2 60 6 376 502 457
902 2 2 60 6 376 479 492
903 2 2 60 6 376 492 502
904 2 2 60 6 377 451 404
905 2 2 60 6 378 478 381
906 2 2 60 6 378 381 498
907 2 2 60 6 378 419 478
908 2 2 60 6 334 419 378
909 2 2 60 6 378 498 431
910 2 2 60 6 334 378 431
911 2 2 60 6 379 435 394
912 2 2 60 6 379 394 482
913 2 2 60 6 379 482 428
914 2 2 60 6 335 379 428
915 2 2 60 6 335 432 379
916 2 2 60 6 380 502 438
917 2 2 60 6 380 457 502
918 2 2 60 6 381 478 420
919 2 2 60 6 336 381 420
920 2 2 60 6 381 444 438
921 2 2 60 6 342 381 438
922 2 2 60 6 336 444 381
923 2 2 60 6 342 498 381
924 2 2 60 6 382 481 428
925 2 2 60 6 382 428 482
926 2 2 60 6 382 482 456
927 2 2 60 6 382 456 494
928 2 2 60 6 382 494 481
929 2 2 60 6 384 499 427
930 2 2 60 6 384 452 500
931 2 2 60 6 384 500 499
932 2 2 60 6 385 458 409
933 2 2 60 6 385 418 449
934 2 2 60 6 343 385 449
935 2 2 60 6 343 458 385
936 2 2 60 6 386 490 425
937 2 2 60 6 386 472 490
938 2 2 60 6 387 423 474
939 2 2 60 6 387 496 423
940 2 2 60 6 387 455 496
941 2 2 60 6 388 421 486
942 2 2 60 6 388 486 467
943 2 2 60 6 389 470 422
944 2 2 60 6 389 422 504
945 2 2 60 6 337 394 435
946 2 2 60 6 337 451 394
947 2 2 60 6 344 394 467
948 2 2 60 6 344 482 394
949 2 2 60 6 336 395 411
950 2 2 60 6 336 420 395
951 2 2 60 6 396 411 483
952 2 2 60 6 336 411 396
953 2 2 60 6 336 396 444
954 2 2 60 6 397 431 498
955 2 2 60 6 342 492 397
956 2 2 60 6 342 397 498
957 2 2 60 6 334 415 398
958 2 2 60 6 334 398 419
959 2 2 60 6 398 497 487
960 2 2 60 6 338 442 399
961 2 2 60 6 399 503 488
962 2 2 60 6 338 399 488
963 2 2 60 6 400 464 484
964 2 2 60 6 400 485 465
965 2 2 60 6 401 501 471
966 2 2 60 6 404 436 469
967 2 2 60 6 337 436 404
968 2 2 60 6 337 404 451
969 2 2 60 6 340 440 407
970 2 2 60 6 340 407 481
971 2 2 60 6 338 408 413
972 2 2 60 6 338 488 408
973 2 2 60 6 337 435 410
974 2 2 60 6 337 410 436
975 2 2 60 6 338 413 446
976 2 2 60 6 343 449 414
977 2 2 60 6 343 414 487
978 2 2 60 6 334 466 415
979 2 2 60 6 335 423 416
980 2 2 60 6 335 416 432
981 2 2 60 6 341 448 417
982 2 2 60 6 341 417 496
983 2 2 60 6 335 428 423
984 2 2 60 6 339 424 462
985 2 2 60 6 339 499 424
986 2 2 60 6 343 426 458
987 2 2 60 6 343 497 426
988 2 2 60 6 339 445 427
989 2 2 60 6 339 427 499
990 2 2 60 6 334 431 466
991 2 2 60 6 342 438 502
992 2 2 60 6 340 447 440
993 2 2 60 6 341 441 448
994 2 2 60 6 341 455 441
995 2 2 60 6 338 446 442
996 2 2 60 6 339 462 445
997 2 2 60 6 340 494 447
998 2 2 60 6 341 496 455
999 2 2 60 6 344 456 482
1000 2 2 60 6 344 486 456
1001 2 2 60 6 344 467 486
1002 2 2 60 6 340 481 494
1003 2 2 60 6 343 487 497
1004 2 2 60 6 342 502 492
1005 4 2 100 100 463 186 390 549
1006 4 2 100 100 375 201 274 550
1007 4 2 100 100 252 519 509 527
1008 4 2 100 100 441 521 510 526
1009 4 2 100 100 521 526 441 552
1010 4 2 100 100 252 519 527 551
1011 4 2 100 100 106 375 201 274
1012 4 2 100 100 390 463 105 186
1013 4 2 100 100 430 212 539 549
1014 4 2 100 100 401 540 241 550
1015 4 2 100 100 378 557 514 569
1016 4 2 100 100 112 473 141 201
1017 4 2 100 100 390 113 330 284
1018 4 2 100 100 217 183 275 509
1019 4 2 100 100 372 464 406 510
1020 4 2 100 100 114 473 144 112
1021 4 2 100 100 330 333 284 115
1022 4 2 100 100 349 390 186 549
1023 4 2 100 100 375 160 201 550
1024 4 2 100 100 434 142 123 143
1025 4 2 100 100 124 332 245 331
1026 4 2 100 100 516 524 277 555
1027 4 2 100 100 442 524 415 555
1028 4 2 100 100 463 250 186 549
1029 4 2 100 100 375 274 439 550
1030 4 2 100 100 269 513 237 533
1031 4 2 100 100 426 458 515 534
1032 4 2 100 100 473 375 130 201
1033 4 2 100 100 419 514 516 569
1034 4 2 100 100 154 513 269 533
1035 4 2 100 100 343 515 458 534
1036 4 2 100 100 375 473 106 201
1037 4 2 100 100 105 390 186 284
1038 4 2 100 100 230 516 514 569
1039 4 2 100 100 137 241 401 540
1040 4 2 100 100 124 332 126 245
1041 4 2 100 100 434 123 125 143
1042 4 2 100 100 430 212 326 539
1043 4 2 100 100 415 524 516 555
1044 4 2 100 100 107 393 437 548
1045 4 2 100 100 390 186 284 319
1046 4 2 100 100 375 130 201 241
1047 4 2 100 100 159 539 212 549
1048 4 2 100 100 401 348 540 550
1049 4 2 100 100 510 521 251 526
1050 4 2 100 100 509 519 440 527
1051 4 2 100 100 390 430 186 319
1052 4 2 100 100 154 237 269 513
1053 4 2 100 100 343 426 458 515
1054 4 2 100 100 291 212 430 549
1055 4 2 100 100 401 241 480 550
1056 4 2 100 100 291 430 186 549
1057 4 2 100 100 480 241 375 550
1058 4 2 100 100 430 349 390 186
1059 4 2 100 100 160 375 201 241
1060 4 2 100 100 300 324 533 546
1061 4 2 100 100 135 534 489 547
1062 4 2 100 100 439 375 106 274
1063 4 2 100 100 105 463 250 186
1064 4 2 100 100 251 526 521 552
1065 4 2 100 100 440 527 519 551
1066 4 2 100 100 107 236 184 548
1067 4 2 100 100 514 557 230 569
1068 4 2 100 100 375 241 160 550
1069 4 2 100 100 430 349 186 549
1070 4 2 100 100 277 524 247 555
1071 4 2 100 100 473 144 112 141
1072 4 2 100 100 113 330 284 115
1073 4 2 100 100 526 531 441 552
1074 4 2 100 100 252 527 532 551
1075 4 2 100 100 324 546 300 560
1076 4 2 100 100 135 547 489 559
1077 4 2 100 100 107 184 393 548
1078 4 2 100 100 111 274 204 550
1079 4 2 100 100 110 463 393 549
1080 4 2 100 100 142 134 123 526
1081 4 2 100 100 323 124 331 527
1082 4 2 100 100 291 159 212 549
1083 4 2 100 100 401 480 348 550
1084 4 2 100 100 473 130 141 201
1085 4 2 100 100 473 112 106 201
1086 4 2 100 100 113 390 105 284
1087 4 2 100 100 279 545 506 560
1088 4 2 100 100 468 544 505 559
1089 4 2 100 100 330 390 284 319
1090 4 2 100 100 375 480 130 241
1091 4 2 100 100 244 142 123 526
1092 4 2 100 100 124 433 331 527
1093 4 2 100 100 430 291 186 319
1094 4 2 100 100 414 518 357 535
1095 4 2 100 100 168 225 517 536
1096 4 2 100 100 419 378 514 569
1097 4 2 100 100 480 401 137 241
1098 4 2 100 100 291 430 212 326
1099 4 2 100 100 163 277 247 555
1100 4 2 100 100 519 180 543 565
1101 4 2 100 100 160 274 201 550
1102 4 2 100 100 349 463 390 549
1103 4 2 100 100 142 434 134 143
1104 4 2 100 100 332 323 245 331
1105 4 2 100 100 393 548 184 549
1106 4 2 100 100 328 506 493 560
1107 4 2 100 100 304 139 505 559
1108 4 2 100 100 276 182 216 510
1109 4 2 100 100 405 465 371 509
1110 4 2 100 100 184 110 107 393
1111 4 2 100 100 321 506 200 529
1112 4 2 100 100 132 505 389 528
1113 4 2 100 100 515 516 366 524
1114 4 2 100 100 277 516 247 524
1115 4 2 100 100 111 439 274 550
1116 4 2 100 100 110 250 463 549
1117 4 2 100 100 288 186 250 549
1118 4 2 100 100 477 375 439 550
1119 4 2 100 100 367 543 523 561
1120 4 2 100 100 145 514 230 516
1121 4 2 100 100 334 419 514 516
1122 4 2 100 100 122 119 276 510
1123 4 2 100 100 465 121 118 509
1124 4 2 100 100 343 518 515 534
1125 4 2 100 100 154 517 513 533
1126 4 2 100 100 489 547 402 559
1127 4 2 100 100 300 546 213 560
1128 4 2 100 100 442 530 524 555
1129 4 2 100 100 315 506 328 560
1130 4 2 100 100 504 505 139 559
1131 4 2 100 100 122 464 119 510
1132 4 2 100 100 275 118 121 509
1133 4 2 100 100 323 124 245 331
1134 4 2 100 100 142 434 123 134
1135 4 2 100 100 163 247 524 555
1136 4 2 100 100 144 473 130 141
1137 4 2 100 100 405 121 465 509
1138 4 2 100 100 122 276 216 510
1139 4 2 100 100 291 186 159 549
1140 4 2 100 100 480 375 348 550
1141 4 2 100 100 217 275 121 509
1142 4 2 100 100 122 406 464 510
1143 4 2 100 100 200 321 328 506
1144 4 2 100 100 132 139 389 505
1145 4 2 100 100 333 330 284 319
1146 4 2 100 100 247 516 515 524
1147 4 2 100 100 361 468 505 559
1148 4 2 100 100 172 279 506 560
1149 4 2 100 100 105 113 284 115
1150 4 2 100 100 114 473 112 106
1151 4 2 100 100 415 366 516 524
1152 4 2 100 100 292 521 523 561
1153 4 2 100 100 519 520 180 565
1154 4 2 100 100 415 442 366 524
1155 4 2 100 100 504 389 505 559
1156 4 2 100 100 200 506 315 560
1157 4 2 100 100 269 533 237 546
1158 4 2 100 100 426 458 534 547
1159 4 2 100 100 506 545 279 554
1160 4 2 100 100 505 544 468 553
1161 4 2 100 100 428 519 543 565
1162 4 2 100 100 393 354 548 549
1163 4 2 100 100 387 455 521 523
1164 4 2 100 100 237 533 513 546
1165 4 2 100 100 426 534 515 547
1166 4 2 100 100 511 538 416 553
1167 4 2 100 100 393 483 354 549
1168 4 2 100 100 251 531 526 552
1169 4 2 100 100 440 532 527 551
1170 4 2 100 100 277 515 247 516
1171 4 2 100 100 373 204 111 558
1172 4 2 100 100 472 566 548 570
1173 4 2 100 100 244 134 142 526
1174 4 2 100 100 323 331 433 527
1175 4 2 100 100 524 530 163 555
1176 4 2 100 100 233 321 200 529
1177 4 2 100 100 132 389 422 528
1178 4 2 100 100 431 517 514 557
1179 4 2 100 100 472 346 566 570
1180 4 2 100 100 292 523 178 561
1181 4 2 100 100 367 428 543 561
1182 4 2 100 100 189 556 516 569
1183 4 2 100 100 440 519 447 551
1184 4 2 100 100 251 521 258 552
1185 4 2 100 100 431 513 514 517
1186 4 2 100 100 377 533 324 546
1187 4 2 100 100 135 188 534 547
1188 4 2 100 100 510 521 455 523
1189 4 2 100 100 388 493 328 506
1190 4 2 100 100 199 304 139 505
1191 4 2 100 100 361 544 468 559
1192 4 2 100 100 172 545 279 560
1193 4 2 100 100 352 530 442 555
1194 4 2 100 100 373 111 204 550
1195 4 2 100 100 184 110 393 549
1196 4 2 100 100 200 328 315 506
1197 4 2 100 100 504 389 139 505
1198 4 2 100 100 361 505 389 559
1199 4 2 100 100 172 506 200 560
1200 4 2 100 100 217 509 121 527
1201 4 2 100 100 406 510 122 526
1202 4 2 100 100 126 124 245 116
1203 4 2 100 100 117 434 123 125
1204 4 2 100 100 242 518 516 556
1205 4 2 100 100 277 176 247 515
1206 4 2 100 100 373 550 204 558
1207 4 2 100 100 121 509 405 527
1208 4 2 100 100 216 122 510 526
1209 4 2 100 100 416 553 538 561
1210 4 2 100 100 357 535 518 542
1211 4 2 100 100 168 536 517 541
1212 4 2 100 100 434 123 134 526
1213 4 2 100 100 124 323 245 527
1214 4 2 100 100 467 545 506 554
1215 4 2 100 100 278 544 505 553
1216 4 2 100 100 515 516 242 518
1217 4 2 100 100 190 538 511 553
1218 4 2 100 100 141 112 201 306
1219 4 2 100 100 190 538 553 561
1220 4 2 100 100 495 390 113 330
1221 4 2 100 100 515 518 303 534
1222 4 2 100 100 513 517 492 533
1223 4 2 100 100 277 176 515 516
1224 4 2 100 100 388 506 321 529
1225 4 2 100 100 132 199 505 528
1226 4 2 100 100 234 561 543 565
1227 4 2 100 100 324 377 546 560
1228 4 2 100 100 188 547 135 559
1229 4 2 100 100 518 535 414 556
1230 4 2 100 100 517 536 225 557
1231 4 2 100 100 372 510 406 526
1232 4 2 100 100 183 509 217 527
1233 4 2 100 100 189 516 230 569
1234 4 2 100 100 448 341 441 521
1235 4 2 100 100 252 259 152 519
1236 4 2 100 100 278 171 505 544
1237 4 2 100 100 467 360 506 545
1238 4 2 100 100 180 234 543 565
1239 4 2 100 100 428 519 481 543
1240 4 2 100 100 425 111 108 558
1241 4 2 100 100 200 233 315 321
1242 4 2 100 100 422 132 504 389
1243 4 2 100 100 276 510 119 537
1244 4 2 100 100 465 509 118 537
1245 4 2 100 100 382 519 428 520
1246 4 2 100 100 193 521 239 522
1247 4 2 100 100 516 556 419 569
1248 4 2 100 100 111 439 106 274
1249 4 2 100 100 105 463 110 250
1250 4 2 100 100 238 536 181 539
1251 4 2 100 100 427 535 370 540
1252 4 2 100 100 464 119 510 537
1253 4 2 100 100 275 118 509 537
1254 4 2 100 100 388 328 321 506
1255 4 2 100 100 132 199 139 505
1256 4 2 100 100 428 520 519 565
1257 4 2 100 100 496 523 521 561
1258 4 2 100 100 504 361 389 559
1259 4 2 100 100 172 200 315 560
1260 4 2 100 100 440 447 532 551
1261 4 2 100 100 251 258 531 552
1262 4 2 100 100 543 561 428 565
1263 4 2 100 100 352 442 415 555
1264 4 2 100 100 194 241 540 550
1265 4 2 100 100 430 539 383 549
1266 4 2 100 100 343 507 518 534
1267 4 2 100 100 508 517 154 533
1268 4 2 100 100 175 230 514 557
1269 4 2 100 100 158 523 510 537
1270 4 2 100 100 305 522 267 552
1271 4 2 100 100 494 520 456 551
1272 4 2 100 100 200 315 328 321
1273 4 2 100 100 132 139 504 389
1274 4 2 100 100 548 549 354 564
1275 4 2 100 100 110 184 107 236
1276 4 2 100 100 382 481 428 519
1277 4 2 100 100 193 292 239 521
1278 4 2 100 100 493 506 388 560
1279 4 2 100 100 199 304 505 559
1280 4 2 100 100 440 509 340 519
1281 4 2 100 100 151 251 510 521
1282 4 2 100 100 518 535 153 542
1283 4 2 100 100 517 536 342 541
1284 4 2 100 100 539 549 312 568
1285 4 2 100 100 283 157 548 564
1286 4 2 100 100 387 510 455 523
1287 4 2 100 100 364 419 516 556
1288 4 2 100 100 448 521 441 552
1289 4 2 100 100 252 259 519 551
1290 4 2 100 100 283 206 548 566
1291 4 2 100 100 307 519 180 543
1292 4 2 100 100 221 163 524 530
1293 4 2 100 100 340 447 440 519
1294 4 2 100 100 251 151 258 521
1295 4 2 100 100 168 517 508 541
1296 4 2 100 100 357 518 507 542
1297 4 2 100 100 324 377 403 533
1298 4 2 100 100 135 188 214 534
1299 4 2 100 100 402 489 355 547
1300 4 2 100 100 300 166 213 546
1301 4 2 100 100 130 480 137 241
1302 4 2 100 100 252 152 266 519
1303 4 2 100 100 341 455 441 521
1304 4 2 100 100 430 291 319 326
1305 4 2 100 100 294 204 550 558
1306 4 2 100 100 260 168 225 517
1307 4 2 100 100 414 449 357 518
1308 4 2 100 100 300 324 317 533
1309 4 2 100 100 128 489 135 534
1310 4 2 100 100 260 508 168 517
1311 4 2 100 100 449 507 357 518
1312 4 2 100 100 373 439 111 550
1313 4 2 100 100 184 250 110 549
1314 4 2 100 100 398 518 487 556
1315 4 2 100 100 209 517 298 557
1316 4 2 100 100 234 523 543 561
1317 4 2 100 100 140 454 392 552
1318 4 2 100 100 329 265 203 551
1319 4 2 100 100 184 236 301 548
1320 4 2 100 100 502 508 342 541
1321 4 2 100 100 313 507 153 542
1322 4 2 100 100 181 539 536 541
1323 4 2 100 100 370 540 535 542
1324 4 2 100 100 507 518 153 542
1325 4 2 100 100 508 517 342 541
1326 4 2 100 100 124 245 116 527
1327 4 2 100 100 434 117 123 526
1328 4 2 100 100 393 354 437 548
1329 4 2 100 100 520 529 456 551
1330 4 2 100 100 267 522 528 552
1331 4 2 100 100 540 550 501 567
1332 4 2 100 100 300 533 166 546
1333 4 2 100 100 489 534 355 547
1334 4 2 100 100 419 378 334 514
1335 4 2 100 100 448 441 531 552
1336 4 2 100 100 252 532 259 551
1337 4 2 100 100 293 553 522 561
1338 4 2 100 100 219 279 545 554
1339 4 2 100 100 408 468 544 553
1340 4 2 100 100 275 509 295 537
1341 4 2 100 100 464 510 484 537
1342 4 2 100 100 210 512 299 525
1343 4 2 100 100 488 399 511 524
1344 4 2 100 100 189 145 230 516
1345 4 2 100 100 485 509 465 537
1346 4 2 100 100 296 510 276 537
1347 4 2 100 100 483 354 549 564
1348 4 2 100 100 134 526 244 531
1349 4 2 100 100 323 527 433 532
1350 4 2 100 100 292 239 521 561
1351 4 2 100 100 252 266 509 519
1352 4 2 100 100 455 510 441 521
1353 4 2 100 100 438 342 536 541
1354 4 2 100 100 249 153 535 542
1355 4 2 100 100 134 434 526 531
1356 4 2 100 100 323 245 527 532
1357 4 2 100 100 425 373 111 558
1358 4 2 100 100 324 403 317 533
1359 4 2 100 100 128 135 214 534
1360 4 2 100 100 184 549 548 564
1361 4 2 100 100 521 522 369 561
1362 4 2 100 100 264 140 202 552
1363 4 2 100 100 329 391 453 551
1364 4 2 100 100 462 414 357 535
1365 4 2 100 100 168 273 225 536
1366 4 2 100 100 171 505 544 559
1367 4 2 100 100 506 545 360 560
1368 4 2 100 100 159 312 212 539
1369 4 2 100 100 401 348 501 540
1370 4 2 100 100 239 522 521 561
1371 4 2 100 100 206 548 566 570
1372 4 2 100 100 184 548 301 564
1373 4 2 100 100 303 507 187 534
1374 4 2 100 100 492 508 376 533
1375 4 2 100 100 431 498 517 557
1376 4 2 100 100 309 518 242 556
1377 4 2 100 100 472 346 548 566
1378 4 2 100 100 347 537 523 543
1379 4 2 100 100 149 299 512 525
1380 4 2 100 100 488 511 338 524
1381 4 2 100 100 158 523 537 543
1382 4 2 100 100 340 519 509 543
1383 4 2 100 100 183 252 509 527
1384 4 2 100 100 441 510 372 526
1385 4 2 100 100 502 342 508 517
1386 4 2 100 100 153 507 313 518
1387 4 2 100 100 154 196 508 533
1388 4 2 100 100 343 385 507 534
1389 4 2 100 100 431 514 378 557
1390 4 2 100 100 462 414 535 556
1391 4 2 100 100 273 225 536 557
1392 4 2 100 100 218 521 510 523
1393 4 2 100 100 283 548 558 566
1394 4 2 100 100 292 178 239 561
1395 4 2 100 100 305 521 522 552
1396 4 2 100 100 519 520 494 551
1397 4 2 100 100 472 548 395 570
1398 4 2 100 100 472 395 346 570
1399 4 2 100 100 294 558 550 566
1400 4 2 100 100 522 553 416 561
1401 4 2 100 100 283 206 157 564
1402 4 2 100 100 410 525 512 530
1403 4 2 100 100 221 524 511 530
1404 4 2 100 100 189 242 516 556
1405 4 2 100 100 510 523 347 537
1406 4 2 100 100 308 298 209 517
1407 4 2 100 100 398 497 487 518
1408 4 2 100 100 368 511 416 553
1409 4 2 100 100 397 513 431 517
1410 4 2 100 100 208 515 242 518
1411 4 2 100 100 367 428 481 543
1412 4 2 100 100 120 464 400 537
1413 4 2 100 100 120 275 211 537
1414 4 2 100 100 512 525 210 530
1415 4 2 100 100 511 524 399 530
1416 4 2 100 100 184 288 250 549
1417 4 2 100 100 373 477 439 550
1418 4 2 100 100 120 211 276 537
1419 4 2 100 100 465 120 400 537
1420 4 2 100 100 536 539 238 568
1421 4 2 100 100 172 279 200 506
1422 4 2 100 100 361 468 389 505
1423 4 2 100 100 175 514 209 557
1424 4 2 100 100 427 535 540 567
1425 4 2 100 100 480 473 375 130
1426 4 2 100 100 496 521 369 561
1427 4 2 100 100 451 545 546 560
1428 4 2 100 100 544 547 262 559
1429 4 2 100 100 364 398 487 556
1430 4 2 100 100 298 175 209 557
1431 4 2 100 100 472 548 346 558
1432 4 2 100 100 347 510 387 523
1433 4 2 100 100 364 516 398 556
1434 4 2 100 100 467 360 388 506
1435 4 2 100 100 199 278 171 505
1436 4 2 100 100 488 338 511 544
1437 4 2 100 100 149 512 299 545
1438 4 2 100 100 283 548 206 564
1439 4 2 100 100 346 558 548 566
1440 4 2 100 100 161 515 303 534
1441 4 2 100 100 350 513 492 533
1442 4 2 100 100 238 539 312 568
1443 4 2 100 100 416 511 432 538
1444 4 2 100 100 209 514 517 557
1445 4 2 100 100 186 291 284 319
1446 4 2 100 100 449 343 507 518
1447 4 2 100 100 154 508 260 517
1448 4 2 100 100 181 536 256 541
1449 4 2 100 100 445 370 535 542
1450 4 2 100 100 190 553 293 561
1451 4 2 100 100 405 509 371 527
1452 4 2 100 100 216 510 182 526
1453 4 2 100 100 300 220 166 533
1454 4 2 100 100 409 355 489 534
1455 4 2 100 100 449 343 385 507
1456 4 2 100 100 154 196 260 508
1457 4 2 100 100 120 119 464 537
1458 4 2 100 100 120 118 275 537
1459 4 2 100 100 300 317 220 533
1460 4 2 100 100 128 409 489 534
1461 4 2 100 100 135 489 402 559
1462 4 2 100 100 324 300 213 560
1463 4 2 100 100 467 394 545 554
1464 4 2 100 100 278 205 544 553
1465 4 2 100 100 509 537 347 543
1466 4 2 100 100 218 510 158 523
1467 4 2 100 100 399 524 442 530
1468 4 2 100 100 221 148 511 524
1469 4 2 100 100 337 512 410 525
1470 4 2 100 100 120 276 119 537
1471 4 2 100 100 465 118 120 537
1472 4 2 100 100 329 529 265 551
1473 4 2 100 100 140 528 454 552
1474 4 2 100 100 398 516 518 556
1475 4 2 100 100 140 392 133 552
1476 4 2 100 100 322 329 203 551
1477 4 2 100 100 350 513 533 546
1478 4 2 100 100 161 515 534 547
1479 4 2 100 100 413 547 544 559
1480 4 2 100 100 224 546 545 560
1481 4 2 100 100 111 204 108 558
1482 4 2 100 100 474 347 523 543
1483 4 2 100 100 153 535 518 556
1484 4 2 100 100 342 536 517 557
1485 4 2 100 100 238 256 181 536
1486 4 2 100 100 427 445 370 535
1487 4 2 100 100 362 456 529 551
1488 4 2 100 100 267 528 173 552
1489 4 2 100 100 308 209 513 517
1490 4 2 100 100 398 515 497 518
1491 4 2 100 100 305 267 173 552
1492 4 2 100 100 362 494 456 551
1493 4 2 100 100 303 518 507 534
1494 4 2 100 100 492 517 508 533
1495 4 2 100 100 154 269 196 533
1496 4 2 100 100 343 458 385 534
1497 4 2 100 100 307 180 234 543
1498 4 2 100 100 360 388 506 560
1499 4 2 100 100 199 505 171 559
1500 4 2 100 100 421 388 321 529
1501 4 2 100 100 132 232 199 528
1502 4 2 100 100 368 432 416 511
1503 4 2 100 100 413 402 547 559
1504 4 2 100 100 224 213 546 560
1505 4 2 100 100 267 522 505 528
1506 4 2 100 100 456 520 506 529
1507 4 2 100 100 154 308 237 513
1508 4 2 100 100 497 426 343 515
1509 4 2 100 100 206 564 548 570
1510 4 2 100 100 347 509 485 537
1511 4 2 100 100 158 510 296 537
1512 4 2 100 100 312 539 159 549
1513 4 2 100 100 348 501 540 550
1514 4 2 100 100 264 528 140 552
1515 4 2 100 100 329 453 529 551
1516 4 2 100 100 202 140 133 552
1517 4 2 100 100 322 391 329 551
1518 4 2 100 100 353 539 536 568
1519 4 2 100 100 365 514 513 555
1520 4 2 100 100 221 163 247 524
1521 4 2 100 100 292 521 218 523
1522 4 2 100 100 107 109 236 548
1523 4 2 100 100 138 272 240 540
1524 4 2 100 100 429 327 461 539
1525 4 2 100 100 456 506 486 529
1526 4 2 100 100 267 505 297 528
1527 4 2 100 100 266 509 519 543
1528 4 2 100 100 140 133 392 454
1529 4 2 100 100 322 329 265 203
1530 4 2 100 100 352 399 442 530
1531 4 2 100 100 175 230 209 514
1532 4 2 100 100 395 548 564 570
1533 4 2 100 100 108 204 248 558
1534 4 2 100 100 423 367 523 561
1535 4 2 100 100 148 511 524 544
1536 4 2 100 100 512 525 337 545
1537 4 2 100 100 209 514 513 517
1538 4 2 100 100 312 549 159 568
1539 4 2 100 100 244 123 117 526
1540 4 2 100 100 124 116 433 527
1541 4 2 100 100 478 557 378 569
1542 4 2 100 100 466 415 514 555
1543 4 2 100 100 364 419 398 516
1544 4 2 100 100 315 328 261 560
1545 4 2 100 100 504 139 450 559
1546 4 2 100 100 338 524 511 544
1547 4 2 100 100 149 525 512 545
1548 4 2 100 100 221 148 246 511
1549 4 2 100 100 410 337 435 512
1550 4 2 100 100 285 523 158 543
1551 4 2 100 100 164 540 535 567
1552 4 2 100 100 272 540 138 542
1553 4 2 100 100 327 461 539 541
1554 4 2 100 100 396 549 539 568
1555 4 2 100 100 398 516 515 518
1556 4 2 100 100 387 521 496 523
1557 4 2 100 100 207 550 540 567
1558 4 2 100 100 365 513 436 555
1559 4 2 100 100 479 376 508 533
1560 4 2 100 100 290 187 507 534
1561 4 2 100 100 154 308 513 517
1562 4 2 100 100 497 515 343 518
1563 4 2 100 100 268 191 127 507
1564 4 2 100 100 457 380 316 508
1565 4 2 100 100 360 493 388 560
1566 4 2 100 100 199 171 304 559
1567 4 2 100 100 348 501 550 567
1568 4 2 100 100 438 502 342 541
1569 4 2 100 100 249 313 153 542
1570 4 2 100 100 277 226 516 555
1571 4 2 100 100 415 516 514 555
1572 4 2 100 100 162 569 563 570
1573 4 2 100 100 392 531 133 552
1574 4 2 100 100 322 203 532 551
1575 4 2 100 100 387 455 496 521
1576 4 2 100 100 485 465 400 537
1577 4 2 100 100 211 296 276 537
1578 4 2 100 100 238 312 159 568
1579 4 2 100 100 109 197 236 548
1580 4 2 100 100 149 210 299 525
1581 4 2 100 100 488 338 399 524
1582 4 2 100 100 457 479 376 508
1583 4 2 100 100 290 187 268 507
1584 4 2 100 100 427 540 501 567
1585 4 2 100 100 294 165 558 566
1586 4 2 100 100 361 408 468 544
1587 4 2 100 100 172 219 279 545
1588 4 2 100 100 514 516 226 555
1589 4 2 100 100 277 226 514 516
1590 4 2 100 100 417 528 522 552
1591 4 2 100 100 228 529 520 551
1592 4 2 100 100 162 563 185 570
1593 4 2 100 100 264 202 140 133
1594 4 2 100 100 329 322 453 391
1595 4 2 100 100 492 502 376 508
1596 4 2 100 100 187 303 313 507
1597 4 2 100 100 351 569 374 570
1598 4 2 100 100 275 295 211 537
1599 4 2 100 100 464 484 400 537
1600 4 2 100 100 179 512 243 565
1601 4 2 100 100 402 355 413 547
1602 4 2 100 100 166 224 213 546
1603 4 2 100 100 127 507 191 542
1604 4 2 100 100 380 316 508 541
1605 4 2 100 100 218 158 285 523
1606 4 2 100 100 423 523 496 561
1607 4 2 100 100 466 514 415 516
1608 4 2 100 100 151 510 218 521
1609 4 2 100 100 418 507 127 542
1610 4 2 100 100 229 508 316 541
1611 4 2 100 100 282 223 327 539
1612 4 2 100 100 412 138 471 540
1613 4 2 100 100 322 532 391 551
1614 4 2 100 100 202 133 531 552
1615 4 2 100 100 158 537 509 543
1616 4 2 100 100 177 513 514 555
1617 4 2 100 100 403 533 377 546
1618 4 2 100 100 214 534 188 547
1619 4 2 100 100 557 563 235 569
1620 4 2 100 100 505 522 470 528
1621 4 2 100 100 281 506 520 529
1622 4 2 100 100 340 509 407 543
1623 4 2 100 100 440 371 509 527
1624 4 2 100 100 251 182 510 526
1625 4 2 100 100 281 520 228 529
1626 4 2 100 100 470 522 417 528
1627 4 2 100 100 478 563 557 569
1628 4 2 100 100 327 223 229 541
1629 4 2 100 100 138 412 418 542
1630 4 2 100 100 240 540 272 542
1631 4 2 100 100 429 539 461 541
1632 4 2 100 100 466 514 365 555
1633 4 2 100 100 138 129 471 540
1634 4 2 100 100 318 282 327 539
1635 4 2 100 100 327 229 316 541
1636 4 2 100 100 138 418 127 542
1637 4 2 100 100 387 347 455 510
1638 4 2 100 100 194 540 207 550
1639 4 2 100 100 383 539 396 549
1640 4 2 100 100 210 530 525 555
1641 4 2 100 100 512 538 243 565
1642 4 2 100 100 413 446 524 547
1643 4 2 100 100 257 525 224 546
1644 4 2 100 100 503 511 530 538
1645 4 2 100 100 314 512 530 538
1646 4 2 100 100 109 107 437 548
1647 4 2 100 100 373 550 558 566
1648 4 2 100 100 451 546 377 560
1649 4 2 100 100 188 262 547 559
1650 4 2 100 100 491 416 522 553
1651 4 2 100 100 431 513 365 514
1652 4 2 100 100 253 210 525 555
1653 4 2 100 100 179 554 512 565
1654 4 2 100 100 160 204 274 550
1655 4 2 100 100 463 349 393 549
1656 4 2 100 100 292 218 178 523
1657 4 2 100 100 385 136 507 534
1658 4 2 100 100 325 508 196 533
1659 4 2 100 100 430 383 349 549
1660 4 2 100 100 194 160 241 550
1661 4 2 100 100 375 473 439 106
1662 4 2 100 100 250 105 186 284
1663 4 2 100 100 378 431 334 514
1664 4 2 100 100 429 318 327 539
1665 4 2 100 100 138 240 129 540
1666 4 2 100 100 353 536 444 568
1667 4 2 100 100 407 509 347 543
1668 4 2 100 100 170 252 527 532
1669 4 2 100 100 441 526 359 531
1670 4 2 100 100 410 525 530 555
1671 4 2 100 100 562 374 569 570
1672 4 2 100 100 524 544 413 547
1673 4 2 100 100 525 545 224 546
1674 4 2 100 100 242 515 176 516
1675 4 2 100 100 94 327 223 229
1676 4 2 100 100 64 138 412 418
1677 4 2 100 100 351 562 374 569
1678 4 2 100 100 492 513 397 517
1679 4 2 100 100 208 303 515 518
1680 4 2 100 100 261 328 320 560
1681 4 2 100 100 139 131 450 559
1682 4 2 100 100 238 181 312 539
1683 4 2 100 100 501 427 370 540
1684 4 2 100 100 499 500 562 566
1685 4 2 100 100 373 558 490 566
1686 4 2 100 100 138 191 272 542
1687 4 2 100 100 461 327 380 541
1688 4 2 100 100 189 242 145 516
1689 4 2 100 100 536 539 353 541
1690 4 2 100 100 535 540 164 542
1691 4 2 100 100 563 564 311 570
1692 4 2 100 100 420 569 351 570
1693 4 2 100 100 386 109 437 548
1694 4 2 100 100 347 407 485 509
1695 4 2 100 100 296 158 218 510
1696 4 2 100 100 316 327 94 229
1697 4 2 100 100 64 138 418 127
1698 4 2 100 100 327 539 223 541
1699 4 2 100 100 412 138 540 542
1700 4 2 100 100 417 522 521 552
1701 4 2 100 100 228 520 519 551
1702 4 2 100 100 311 564 157 570
1703 4 2 100 100 294 165 204 558
1704 4 2 100 100 431 378 498 557
1705 4 2 100 100 189 309 242 556
1706 4 2 100 100 177 525 513 555
1707 4 2 100 100 311 563 310 564
1708 4 2 100 100 336 564 563 570
1709 4 2 100 100 323 433 459 532
1710 4 2 100 100 270 134 244 531
1711 4 2 100 100 290 507 136 534
1712 4 2 100 100 479 508 325 533
1713 4 2 100 100 504 450 361 559
1714 4 2 100 100 172 315 261 560
1715 4 2 100 100 138 127 191 542
1716 4 2 100 100 380 327 316 541
1717 4 2 100 100 68 402 450 559
1718 4 2 100 100 213 261 98 560
1719 4 2 100 100 499 566 562 567
1720 4 2 100 100 420 563 569 570
1721 4 2 100 100 323 271 245 532
1722 4 2 100 100 134 460 434 531
1723 4 2 100 100 150 273 536 563
1724 4 2 100 100 462 535 339 562
1725 4 2 100 100 184 301 263 564
1726 4 2 100 100 348 427 501 567
1727 4 2 100 100 305 521 193 522
1728 4 2 100 100 494 519 382 520
1729 4 2 100 100 283 558 165 566
1730 4 2 100 100 368 416 491 553
1731 4 2 100 100 467 506 344 554
1732 4 2 100 100 155 278 505 553
1733 4 2 100 100 272 138 79 191
1734 4 2 100 100 461 327 49 380
1735 4 2 100 100 340 481 519 543
1736 4 2 100 100 230 557 235 569
1737 4 2 100 100 170 259 252 532
1738 4 2 100 100 448 441 359 531
1739 4 2 100 100 436 513 525 555
1740 4 2 100 100 255 164 535 567
1741 4 2 100 100 275 183 295 509
1742 4 2 100 100 372 484 464 510
1743 4 2 100 100 396 539 353 568
1744 4 2 100 100 423 428 367 561
1745 4 2 100 100 177 514 226 555
1746 4 2 100 100 305 193 267 522
1747 4 2 100 100 494 382 456 520
1748 4 2 100 100 310 564 563 568
1749 4 2 100 100 137 194 241 540
1750 4 2 100 100 208 176 242 515
1751 4 2 100 100 431 397 365 513
1752 4 2 100 100 430 326 383 539
1753 4 2 100 100 183 217 252 527
1754 4 2 100 100 441 372 406 526
1755 4 2 100 100 364 487 414 556
1756 4 2 100 100 298 225 175 557
1757 4 2 100 100 418 385 65 507
1758 4 2 100 100 196 95 229 508
1759 4 2 100 100 346 500 566 570
1760 4 2 100 100 562 566 500 570
1761 4 2 100 100 290 268 136 507
1762 4 2 100 100 457 325 479 508
1763 4 2 100 100 120 464 31 400
1764 4 2 100 100 120 275 40 211
1765 4 2 100 100 111 108 204 248
1766 4 2 100 100 110 107 393 437
1767 4 2 100 100 487 518 414 556
1768 4 2 100 100 298 517 225 557
1769 4 2 100 100 420 351 374 570
1770 4 2 100 100 198 523 285 543
1771 4 2 100 100 276 296 182 510
1772 4 2 100 100 465 485 371 509
1773 4 2 100 100 314 530 167 538
1774 4 2 100 100 503 530 356 538
1775 4 2 100 100 109 107 236 22
1776 4 2 100 100 385 136 65 507
1777 4 2 100 100 325 95 196 508
1778 4 2 100 100 135 131 254 559
1779 4 2 100 100 320 443 324 560
1780 4 2 100 100 404 545 525 546
1781 4 2 100 100 215 544 524 547
1782 4 2 100 100 451 545 404 546
1783 4 2 100 100 262 544 215 547
1784 4 2 100 100 239 293 522 561
1785 4 2 100 100 421 388 55 321
1786 4 2 100 100 232 132 199 85
1787 4 2 100 100 231 569 162 570
1788 4 2 100 100 389 505 470 528
1789 4 2 100 100 200 506 281 529
1790 4 2 100 100 55 388 328 321
1791 4 2 100 100 132 199 85 139
1792 4 2 100 100 288 159 186 549
1793 4 2 100 100 375 477 348 550
1794 4 2 100 100 478 351 563 569
1795 4 2 100 100 466 365 436 555
1796 4 2 100 100 207 540 164 567
1797 4 2 100 100 184 263 549 564
1798 4 2 100 100 107 110 236 23
1799 4 2 100 100 14 425 111 108
1800 4 2 100 100 155 505 267 522
1801 4 2 100 100 344 506 456 520
1802 4 2 100 100 68 450 131 559
1803 4 2 100 100 261 320 98 560
1804 4 2 100 100 322 57 453 391
1805 4 2 100 100 87 202 264 133
1806 4 2 100 100 179 302 554 565
1807 4 2 100 100 39 120 211 276
1808 4 2 100 100 120 465 400 30
1809 4 2 100 100 109 236 197 22
1810 4 2 100 100 412 138 63 471
1811 4 2 100 100 327 282 93 223
1812 4 2 100 100 368 503 432 511
1813 4 2 100 100 179 314 243 512
1814 4 2 100 100 503 432 511 538
1815 4 2 100 100 243 512 314 538
1816 4 2 100 100 423 496 369 561
1817 4 2 100 100 185 563 311 570
1818 4 2 100 100 409 66 385 534
1819 4 2 100 100 196 220 96 533
1820 4 2 100 100 65 127 418 507
1821 4 2 100 100 316 229 95 508
1822 4 2 100 100 174 529 228 551
1823 4 2 100 100 363 528 417 552
1824 4 2 100 100 188 135 254 559
1825 4 2 100 100 324 443 377 560
1826 4 2 100 100 206 157 564 570
1827 4 2 100 100 138 127 79 191
1828 4 2 100 100 327 49 380 316
1829 4 2 100 100 297 505 199 528
1830 4 2 100 100 486 506 388 529
1831 4 2 100 100 133 392 454 72
1832 4 2 100 100 265 322 203 102
1833 4 2 100 100 117 434 476 526
1834 4 2 100 100 245 287 116 527
1835 4 2 100 100 244 117 286 526
1836 4 2 100 100 475 433 116 527
1837 4 2 100 100 266 158 509 543
1838 4 2 100 100 135 402 68 559
1839 4 2 100 100 324 213 98 560
1840 4 2 100 100 136 268 127 507
1841 4 2 100 100 457 316 325 508
1842 4 2 100 100 329 322 57 453
1843 4 2 100 100 87 264 140 133
1844 4 2 100 100 315 233 100 321
1845 4 2 100 100 422 132 70 504
1846 4 2 100 100 318 429 327 461
1847 4 2 100 100 138 129 240 272
1848 4 2 100 100 146 538 190 561
1849 4 2 100 100 65 136 127 507
1850 4 2 100 100 316 95 325 508
1851 4 2 100 100 421 329 453 529
1852 4 2 100 100 232 140 264 528
1853 4 2 100 100 320 328 493 560
1854 4 2 100 100 304 131 139 559
1855 4 2 100 100 246 511 148 544
1856 4 2 100 100 435 512 337 545
1857 4 2 100 100 164 240 272 542
1858 4 2 100 100 353 429 461 541
1859 4 2 100 100 478 378 419 569
1860 4 2 100 100 127 268 79 191
1861 4 2 100 100 49 457 380 316
1862 4 2 100 100 281 228 174 529
1863 4 2 100 100 363 470 417 528
1864 4 2 100 100 162 235 563 569
1865 4 2 100 100 110 184 236 23
1866 4 2 100 100 14 425 373 111
1867 4 2 100 100 41 217 275 121
1868 4 2 100 100 32 122 406 464
1869 4 2 100 100 397 431 498 517
1870 4 2 100 100 208 242 309 518
1871 4 2 100 100 201 112 18 306
1872 4 2 100 100 9 495 390 113
1873 4 2 100 100 138 63 471 129
1874 4 2 100 100 282 318 327 93
1875 4 2 100 100 363 454 528 552
1876 4 2 100 100 265 529 174 551
1877 4 2 100 100 369 522 416 561
1878 4 2 100 100 237 513 257 546
1879 4 2 100 100 426 515 446 547
1880 4 2 100 100 167 221 246 511
1881 4 2 100 100 410 435 356 512
1882 4 2 100 100 465 405 29 121
1883 4 2 100 100 122 276 38 216
1884 4 2 100 100 231 162 185 570
1885 4 2 100 100 335 416 432 538
1886 4 2 100 100 467 394 360 545
1887 4 2 100 100 278 205 171 544
1888 4 2 100 100 119 122 32 464
1889 4 2 100 100 275 41 121 118
1890 4 2 100 100 276 122 38 119
1891 4 2 100 100 29 465 121 118
1892 4 2 100 100 119 120 464 31
1893 4 2 100 100 275 120 40 118
1894 4 2 100 100 413 446 338 524
1895 4 2 100 100 257 149 224 525
1896 4 2 100 100 66 409 128 534
1897 4 2 100 100 317 96 220 533
1898 4 2 100 100 505 522 155 553
1899 4 2 100 100 506 520 344 554
1900 4 2 100 100 198 307 234 543
1901 4 2 100 100 486 456 344 506
1902 4 2 100 100 267 155 297 505
1903 4 2 100 100 395 564 336 570
1904 4 2 100 100 266 198 158 543
1905 4 2 100 100 198 234 523 543
1906 4 2 100 100 147 566 562 570
1907 4 2 100 100 154 298 308 517
1908 4 2 100 100 487 497 343 518
1909 4 2 100 100 408 511 368 553
1910 4 2 100 100 219 512 179 554
1911 4 2 100 100 251 216 182 526
1912 4 2 100 100 440 405 371 527
1913 4 2 100 100 177 253 525 555
1914 4 2 100 100 140 133 454 72
1915 4 2 100 100 329 322 265 102
1916 4 2 100 100 438 536 342 557
1917 4 2 100 100 249 535 153 556
1918 4 2 100 100 181 223 539 541
1919 4 2 100 100 412 540 370 542
1920 4 2 100 100 206 311 157 570
1921 4 2 100 100 311 564 310 568
1922 4 2 100 100 230 235 162 569
1923 4 2 100 100 502 508 492 517
1924 4 2 100 100 303 313 507 518
1925 4 2 100 100 109 548 386 558
1926 4 2 100 100 474 347 387 523
1927 4 2 100 100 373 490 452 566
1928 4 2 100 100 135 68 131 559
1929 4 2 100 100 324 98 320 560
1930 4 2 100 100 325 196 96 533
1931 4 2 100 100 66 136 385 534
1932 4 2 100 100 273 557 536 563
1933 4 2 100 100 462 556 535 562
1934 4 2 100 100 150 235 273 563
1935 4 2 100 100 424 462 339 562
1936 4 2 100 100 277 226 145 514
1937 4 2 100 100 135 83 254 131
1938 4 2 100 100 324 320 53 443
1939 4 2 100 100 13 425 108 558
1940 4 2 100 100 422 454 71 528
1941 4 2 100 100 101 233 265 529
1942 4 2 100 100 269 166 533 546
1943 4 2 100 100 355 534 458 547
1944 4 2 100 100 266 519 307 543
1945 4 2 100 100 257 513 525 546
1946 4 2 100 100 515 524 446 547
1947 4 2 100 100 39 120 276 119
1948 4 2 100 100 120 465 30 118
1949 4 2 100 100 422 389 470 528
1950 4 2 100 100 200 281 233 529
1951 4 2 100 100 198 234 285 523
1952 4 2 100 100 227 179 243 565
1953 4 2 100 100 440 447 358 532
1954 4 2 100 100 169 251 258 531
1955 4 2 100 100 198 285 158 543
1956 4 2 100 100 420 563 351 569
1957 4 2 100 100 368 408 488 511
1958 4 2 100 100 179 219 299 512
1959 4 2 100 100 109 386 437 12
1960 4 2 100 100 386 425 13 558
1961 4 2 100 100 11 110 393 437
1962 4 2 100 100 20 111 204 248
1963 4 2 100 100 108 111 20 248
1964 4 2 100 100 110 11 107 437
1965 4 2 100 100 109 197 548 558
1966 4 2 100 100 423 387 496 523
1967 4 2 100 100 363 392 454 552
1968 4 2 100 100 265 174 203 551
1969 4 2 100 100 466 415 334 516
1970 4 2 100 100 408 544 511 553
1971 4 2 100 100 219 545 512 554
1972 4 2 100 100 292 151 218 521
1973 4 2 100 100 164 540 240 542
1974 4 2 100 100 353 539 429 541
1975 4 2 100 100 152 307 266 519
1976 4 2 100 100 496 455 341 521
1977 4 2 100 100 282 181 223 539
1978 4 2 100 100 412 471 370 540
1979 4 2 100 100 466 334 514 516
1980 4 2 100 100 185 310 311 563
1981 4 2 100 100 499 500 374 562
1982 4 2 100 100 562 566 147 567
1983 4 2 100 100 220 269 166 533
1984 4 2 100 100 458 355 409 534
1985 4 2 100 100 140 71 454 528
1986 4 2 100 100 329 101 265 529
1987 4 2 100 100 277 514 145 516
1988 4 2 100 100 403 350 533 546
1989 4 2 100 100 214 161 534 547
1990 4 2 100 100 232 297 199 528
1991 4 2 100 100 421 486 388 529
1992 4 2 100 100 239 190 293 561
1993 4 2 100 100 503 511 399 530
1994 4 2 100 100 314 512 210 530
1995 4 2 100 100 413 544 361 559
1996 4 2 100 100 224 545 172 560
1997 4 2 100 100 335 416 538 561
1998 4 2 100 100 340 494 447 519
1999 4 2 100 100 151 305 258 521
2000 4 2 100 100 83 188 135 254
2001 4 2 100 100 377 324 53 443
2002 4 2 100 100 413 524 338 544
2003 4 2 100 100 224 525 149 545
2004 4 2 100 100 373 452 550 566
2005 4 2 100 100 320 493 443 560
2006 4 2 100 100 254 131 304 559
2007 4 2 100 100 129 78 240 272
2008 4 2 100 100 48 429 318 461
2009 4 2 100 100 163 530 210 555
2010 4 2 100 100 396 353 444 568
2011 4 2 100 100 366 446 515 524
2012 4 2 100 100 177 257 513 525
2013 4 2 100 100 488 511 408 544
2014 4 2 100 100 219 299 512 545
2015 4 2 100 100 474 407 347 543
2016 4 2 100 100 440 358 527 532
2017 4 2 100 100 169 526 251 531
2018 4 2 100 100 469 525 513 546
2019 4 2 100 100 280 524 515 547
2020 4 2 100 100 315 100 328 321
2021 4 2 100 100 132 139 70 504
2022 4 2 100 100 520 554 302 565
2023 4 2 100 100 436 525 410 555
2024 4 2 100 100 421 329 56 453
2025 4 2 100 100 232 86 264 140
2026 4 2 100 100 447 519 494 551
2027 4 2 100 100 305 258 521 552
2028 4 2 100 100 230 145 209 514
2029 4 2 100 100 267 297 173 528
2030 4 2 100 100 362 456 486 529
2031 4 2 100 100 358 459 433 532
2032 4 2 100 100 270 244 169 531
2033 4 2 100 100 395 548 472 564
2034 4 2 100 100 492 350 397 513
2035 4 2 100 100 208 303 161 515
2036 4 2 100 100 282 92 212 539
2037 4 2 100 100 362 529 453 551
2038 4 2 100 100 264 173 528 552
2039 4 2 100 100 244 526 169 531
2040 4 2 100 100 358 433 527 532
2041 4 2 100 100 488 399 503 511
2042 4 2 100 100 210 314 299 512
2043 4 2 100 100 62 401 471 540
2044 4 2 100 100 194 164 207 540
2045 4 2 100 100 383 353 396 539
2046 4 2 100 100 146 243 538 565
2047 4 2 100 100 271 170 245 532
2048 4 2 100 100 434 460 359 531
2049 4 2 100 100 295 509 158 537
2050 4 2 100 100 347 484 510 537
2051 4 2 100 100 336 563 564 568
2052 4 2 100 100 434 359 526 531
2053 4 2 100 100 170 527 245 532
2054 4 2 100 100 419 334 398 516
2055 4 2 100 100 146 538 561 565
2056 4 2 100 100 346 395 500 570
2057 4 2 100 100 421 321 329 529
2058 4 2 100 100 132 140 232 528
2059 4 2 100 100 382 520 428 565
2060 4 2 100 100 66 128 136 534
2061 4 2 100 100 317 325 96 533
2062 4 2 100 100 160 294 204 550
2063 4 2 100 100 393 349 483 549
2064 4 2 100 100 366 446 426 515
2065 4 2 100 100 177 257 237 513
2066 4 2 100 100 177 308 209 513
2067 4 2 100 100 398 366 497 515
2068 4 2 100 100 435 394 512 545
2069 4 2 100 100 246 205 511 544
2070 4 2 100 100 221 511 167 530
2071 4 2 100 100 410 512 356 530
2072 4 2 100 100 382 482 520 565
2073 4 2 100 100 156 506 279 554
2074 4 2 100 100 345 505 468 553
2075 4 2 100 100 512 545 394 554
2076 4 2 100 100 511 544 205 553
2077 4 2 100 100 253 163 210 555
2078 4 2 100 100 107 109 437 12
2079 4 2 100 100 379 512 394 554
2080 4 2 100 100 190 511 205 553
2081 4 2 100 100 167 530 511 538
2082 4 2 100 100 356 530 512 538
2083 4 2 100 100 231 562 569 570
2084 4 2 100 100 339 562 535 567
2085 4 2 100 100 122 476 406 526
2086 4 2 100 100 287 217 121 527
2087 4 2 100 100 451 404 377 546
2088 4 2 100 100 188 262 215 547
2089 4 2 100 100 122 117 476 526
2090 4 2 100 100 287 121 116 527
2091 4 2 100 100 122 286 117 526
2092 4 2 100 100 121 475 116 527
2093 4 2 100 100 322 459 391 532
2094 4 2 100 100 270 202 133 531
2095 4 2 100 100 374 562 500 570
2096 4 2 100 100 332 124 126 331
2097 4 2 100 100 123 142 125 143
2098 4 2 100 100 146 561 234 565
2099 4 2 100 100 122 216 286 526
2100 4 2 100 100 405 475 121 527
2101 4 2 100 100 490 558 346 566
2102 4 2 100 100 410 530 352 555
2103 4 2 100 100 281 506 156 520
2104 4 2 100 100 345 470 505 522
2105 4 2 100 100 85 199 304 139
2106 4 2 100 100 388 493 55 328
2107 4 2 100 100 141 201 75 306
2108 4 2 100 100 490 472 346 558
2109 4 2 100 100 340 440 407 509
2110 4 2 100 100 151 251 218 510
2111 4 2 100 100 340 407 481 543
2112 4 2 100 100 445 462 357 535
2113 4 2 100 100 256 273 168 536
2114 4 2 100 100 495 45 390 330
2115 4 2 100 100 255 535 562 567
2116 4 2 100 100 183 252 266 509
2117 4 2 100 100 455 372 441 510
2118 4 2 100 100 190 246 205 511
2119 4 2 100 100 435 394 379 512
2120 4 2 100 100 175 235 230 557
2121 4 2 100 100 261 315 99 328
2122 4 2 100 100 139 504 450 69
2123 4 2 100 100 282 318 92 539
2124 4 2 100 100 137 77 194 540
2125 4 2 100 100 383 326 47 539
2126 4 2 100 100 300 324 213 98
2127 4 2 100 100 135 68 402 489
2128 4 2 100 100 62 471 129 540
2129 4 2 100 100 277 163 226 555
2130 4 2 100 100 474 523 367 543
2131 4 2 100 100 335 561 538 565
2132 4 2 100 100 62 137 401 540
2133 4 2 100 100 101 321 233 529
2134 4 2 100 100 422 71 132 528
2135 4 2 100 100 92 326 212 539
2136 4 2 100 100 466 352 415 555
2137 4 2 100 100 109 21 197 558
2138 4 2 100 100 467 344 394 554
2139 4 2 100 100 155 205 278 553
2140 4 2 100 100 222 566 550 567
2141 4 2 100 100 193 239 293 522
2142 4 2 100 100 411 564 549 568
2143 4 2 100 100 109 386 13 558
2144 4 2 100 100 472 548 354 564
2145 4 2 100 100 133 392 460 531
2146 4 2 100 100 271 322 203 532
2147 4 2 100 100 255 207 164 567
2148 4 2 100 100 269 237 166 546
2149 4 2 100 100 426 355 458 547
2150 4 2 100 100 179 227 302 565
2151 4 2 100 100 364 556 424 569
2152 4 2 100 100 215 148 524 544
2153 4 2 100 100 337 525 404 545
2154 4 2 100 100 455 347 484 510
2155 4 2 100 100 295 266 158 509
2156 4 2 100 100 13 108 109 558
2157 4 2 100 100 195 238 549 568
2158 4 2 100 100 134 270 133 531
2159 4 2 100 100 323 459 322 532
2160 4 2 100 100 379 512 554 565
2161 4 2 100 100 499 384 500 566
2162 4 2 100 100 150 563 536 568
2163 4 2 100 100 350 469 397 513
2164 4 2 100 100 208 161 280 515
2165 4 2 100 100 499 384 566 567
2166 4 2 100 100 536 563 444 568
2167 4 2 100 100 283 165 206 566
2168 4 2 100 100 420 478 351 563
2169 4 2 100 100 339 535 427 567
2170 4 2 100 100 273 235 557 563
2171 4 2 100 100 424 556 462 562
2172 4 2 100 100 122 476 33 406
2173 4 2 100 100 217 42 287 121
2174 4 2 100 100 469 436 513 525
2175 4 2 100 100 280 247 515 524
2176 4 2 100 100 502 438 380 541
2177 4 2 100 100 249 191 313 542
2178 4 2 100 100 499 562 339 567
2179 4 2 100 100 238 150 536 568
2180 4 2 100 100 216 122 286 37
2181 4 2 100 100 405 121 475 28
2182 4 2 100 100 149 253 210 525
2183 4 2 100 100 338 442 399 524
2184 4 2 100 100 336 563 420 570
2185 4 2 100 100 491 416 369 522
2186 4 2 100 100 329 321 101 529
2187 4 2 100 100 132 71 140 528
2188 4 2 100 100 177 226 253 555
2189 4 2 100 100 117 122 476 33
2190 4 2 100 100 42 287 121 116
2191 4 2 100 100 122 286 37 117
2192 4 2 100 100 121 116 475 28
2193 4 2 100 100 261 99 320 328
2194 4 2 100 100 131 139 450 69
2195 4 2 100 100 329 421 56 321
2196 4 2 100 100 232 132 86 140
2197 4 2 100 100 469 436 365 513
2198 4 2 100 100 280 247 176 515
2199 4 2 100 100 302 180 520 565
2200 4 2 100 100 403 324 52 377
2201 4 2 100 100 135 188 82 214
2202 4 2 100 100 234 178 523 561
2203 4 2 100 100 238 159 549 568
2204 4 2 100 100 129 138 78 272
2205 4 2 100 100 48 318 327 461
2206 4 2 100 100 413 408 361 544
2207 4 2 100 100 219 172 224 545
2208 4 2 100 100 322 58 391 459
2209 4 2 100 100 202 88 270 133
2210 4 2 100 100 413 355 446 547
2211 4 2 100 100 257 224 166 546
2212 4 2 100 100 112 106 201 18
2213 4 2 100 100 390 9 113 105
2214 4 2 100 100 177 513 209 514
2215 4 2 100 100 62 129 137 540
2216 4 2 100 100 323 322 271 532
2217 4 2 100 100 134 133 460 531
2218 4 2 100 100 318 326 92 539
2219 4 2 100 100 168 508 229 541
2220 4 2 100 100 357 507 418 542
2221 4 2 100 100 350 469 513 546
2222 4 2 100 100 161 280 515 547
2223 4 2 100 100 180 227 234 565
2224 4 2 100 100 256 536 168 541
2225 4 2 100 100 445 535 357 542
2226 4 2 100 100 194 77 240 540
2227 4 2 100 100 47 429 383 539
2228 4 2 100 100 129 240 77 540
2229 4 2 100 100 47 318 429 539
2230 4 2 100 100 248 197 21 558
2231 4 2 100 100 419 556 364 569
2232 4 2 100 100 290 136 128 534
2233 4 2 100 100 317 479 325 533
2234 4 2 100 100 349 383 396 549
2235 4 2 100 100 194 207 160 550
2236 4 2 100 100 398 366 515 516
2237 4 2 100 100 227 146 234 565
2238 4 2 100 100 108 21 109 558
2239 4 2 100 100 229 168 260 508
2240 4 2 100 100 357 449 418 507
2241 4 2 100 100 243 314 167 538
2242 4 2 100 100 503 356 432 538
2243 4 2 100 100 147 206 566 570
2244 4 2 100 100 324 317 403 52
2245 4 2 100 100 128 135 82 214
2246 4 2 100 100 268 136 127 80
2247 4 2 100 100 457 50 325 316
2248 4 2 100 100 290 303 187 534
2249 4 2 100 100 479 492 376 533
2250 4 2 100 100 129 77 137 540
2251 4 2 100 100 146 243 190 538
2252 4 2 100 100 335 432 379 538
2253 4 2 100 100 47 326 318 539
2254 4 2 100 100 403 377 350 546
2255 4 2 100 100 214 188 161 547
2256 4 2 100 100 268 290 136 80
2257 4 2 100 100 479 457 50 325
2258 4 2 100 100 407 440 371 509
2259 4 2 100 100 251 182 218 510
2260 4 2 100 100 483 549 411 564
2261 4 2 100 100 262 171 544 559
2262 4 2 100 100 451 360 545 560
2263 4 2 100 100 215 262 148 544
2264 4 2 100 100 451 337 404 545
2265 4 2 100 100 204 165 248 558
2266 4 2 100 100 362 453 391 551
2267 4 2 100 100 264 202 173 552
2268 4 2 100 100 125 117 476 34
2269 4 2 100 100 43 126 287 116
2270 4 2 100 100 310 563 150 568
2271 4 2 100 100 381 536 438 557
2272 4 2 100 100 249 192 535 556
2273 4 2 100 100 494 481 382 519
2274 4 2 100 100 292 193 305 521
2275 4 2 100 100 190 167 511 538
2276 4 2 100 100 356 512 379 538
2277 4 2 100 100 502 380 508 541
2278 4 2 100 100 191 507 313 542
2279 4 2 100 100 379 538 512 565
2280 4 2 100 100 448 417 341 521
2281 4 2 100 100 152 259 228 519
2282 4 2 100 100 195 238 159 549
2283 4 2 100 100 133 460 392 73
2284 4 2 100 100 271 322 103 203
2285 4 2 100 100 180 519 228 520
2286 4 2 100 100 417 369 521 522
2287 4 2 100 100 290 128 214 534
2288 4 2 100 100 317 403 479 533
2289 4 2 100 100 300 317 97 220
2290 4 2 100 100 409 67 128 489
2291 4 2 100 100 117 434 125 476
2292 4 2 100 100 126 245 287 116
2293 4 2 100 100 344 520 482 554
2294 4 2 100 100 293 155 522 553
2295 4 2 100 100 185 162 235 563
2296 4 2 100 100 374 351 424 562
2297 4 2 100 100 259 228 519 551
2298 4 2 100 100 417 521 448 552
2299 4 2 100 100 352 436 410 555
2300 4 2 100 100 395 472 354 564
2301 4 2 100 100 270 88 134 133
2302 4 2 100 100 322 323 58 459
2303 4 2 100 100 124 116 475 433
2304 4 2 100 100 244 286 117 123
2305 4 2 100 100 219 156 279 554
2306 4 2 100 100 345 468 408 553
2307 4 2 100 100 154 260 225 517
2308 4 2 100 100 449 414 343 518
2309 4 2 100 100 108 248 21 558
2310 4 2 100 100 483 411 354 564
2311 4 2 100 100 469 404 525 546
2312 4 2 100 100 280 215 524 547
2313 4 2 100 100 382 428 482 565
2314 4 2 100 100 146 190 239 561
2315 4 2 100 100 425 490 373 558
2316 4 2 100 100 255 535 192 562
2317 4 2 100 100 381 444 536 563
2318 4 2 100 100 225 273 175 557
2319 4 2 100 100 462 364 414 556
2320 4 2 100 100 434 125 476 34
2321 4 2 100 100 126 245 43 287
2322 4 2 100 100 289 562 556 569
2323 4 2 100 100 438 536 353 541
2324 4 2 100 100 164 249 535 542
2325 4 2 100 100 218 285 178 523
2326 4 2 100 100 206 165 222 566
2327 4 2 100 100 311 310 195 568
2328 4 2 100 100 201 106 274 18
2329 4 2 100 100 463 9 390 105
2330 4 2 100 100 395 336 420 570
2331 4 2 100 100 222 294 550 566
2332 4 2 100 100 45 390 330 319
2333 4 2 100 100 177 237 308 513
2334 4 2 100 100 497 366 426 515
2335 4 2 100 100 384 427 348 567
2336 4 2 100 100 322 323 271 103
2337 4 2 100 100 133 134 460 73
2338 4 2 100 100 335 538 379 565
2339 4 2 100 100 238 150 256 536
2340 4 2 100 100 427 339 445 535
2341 4 2 100 100 384 348 550 567
2342 4 2 100 100 335 428 561 565
2343 4 2 100 100 311 195 564 568
2344 4 2 100 100 244 286 169 526
2345 4 2 100 100 475 358 433 527
2346 4 2 100 100 222 165 294 566
2347 4 2 100 100 222 550 207 567
2348 4 2 100 100 419 364 424 569
2349 4 2 100 100 351 424 562 569
2350 4 2 100 100 434 359 476 526
2351 4 2 100 100 245 170 287 527
2352 4 2 100 100 423 367 474 523
2353 4 2 100 100 146 227 243 565
2354 4 2 100 100 466 431 365 514
2355 4 2 100 100 206 222 147 566
2356 4 2 100 100 266 307 198 543
2357 4 2 100 100 324 300 317 97
2358 4 2 100 100 67 135 128 489
2359 4 2 100 100 396 411 549 568
2360 4 2 100 100 130 141 201 75
2361 4 2 100 100 345 522 505 553
2362 4 2 100 100 156 520 506 554
2363 4 2 100 100 499 339 427 567
2364 4 2 100 100 335 428 423 561
2365 4 2 100 100 290 128 136 81
2366 4 2 100 100 51 317 479 325
2367 4 2 100 100 473 60 144 130
2368 4 2 100 100 255 562 147 567
2369 4 2 100 100 391 532 447 551
2370 4 2 100 100 202 531 258 552
2371 4 2 100 100 435 337 394 545
2372 4 2 100 100 246 148 205 544
2373 4 2 100 100 366 442 446 524
2374 4 2 100 100 177 253 257 525
2375 4 2 100 100 302 227 180 565
2376 4 2 100 100 503 399 356 530
2377 4 2 100 100 314 210 167 530
2378 4 2 100 100 277 242 176 516
2379 4 2 100 100 448 531 392 552
2380 4 2 100 100 203 259 532 551
2381 4 2 100 100 290 128 81 214
2382 4 2 100 100 51 317 403 479
2383 4 2 100 100 110 184 23 250
2384 4 2 100 100 14 373 439 111
2385 4 2 100 100 90 333 284 319
2386 4 2 100 100 147 566 222 567
2387 4 2 100 100 411 395 354 564
2388 4 2 100 100 386 472 490 558
2389 4 2 100 100 410 436 337 525
2390 4 2 100 100 221 247 148 524
2391 4 2 100 100 238 310 150 568
2392 4 2 100 100 221 210 163 530
2393 4 2 100 100 410 399 352 530
2394 4 2 100 100 181 256 223 541
2395 4 2 100 100 445 412 370 542
2396 4 2 100 100 237 257 166 546
2397 4 2 100 100 426 446 355 547
2398 4 2 100 100 430 47 383 326
2399 4 2 100 100 54 320 493 443
2400 4 2 100 100 254 84 304 131
2401 4 2 100 100 386 548 472 558
2402 4 2 100 100 194 137 241 77
2403 4 2 100 100 381 438 342 557
2404 4 2 100 100 249 153 192 556
2405 4 2 100 100 556 562 424 569
2406 4 2 100 100 281 156 228 520
2407 4 2 100 100 345 417 470 522
2408 4 2 100 100 549 564 195 568
2409 4 2 100 100 196 269 220 533
2410 4 2 100 100 458 409 385 534
2411 4 2 100 100 180 307 228 519
2412 4 2 100 100 369 496 417 521
2413 4 2 100 100 320 54 493 328
2414 4 2 100 100 84 304 131 139
2415 4 2 100 100 466 436 352 555
2416 4 2 100 100 301 548 157 564
2417 4 2 100 100 336 444 563 568
2418 4 2 100 100 482 554 520 565
2419 4 2 100 100 502 457 376 508
2420 4 2 100 100 268 187 313 507
2421 4 2 100 100 195 549 263 564
2422 4 2 100 100 397 469 365 513
2423 4 2 100 100 208 280 176 515
2424 4 2 100 100 177 209 226 514
2425 4 2 100 100 411 336 395 564
2426 4 2 100 100 111 106 19 274
2427 4 2 100 100 463 10 105 110
2428 4 2 100 100 381 557 478 563
2429 4 2 100 100 192 556 289 562
2430 4 2 100 100 190 167 246 511
2431 4 2 100 100 356 435 379 512
2432 4 2 100 100 196 229 260 508
2433 4 2 100 100 449 385 418 507
2434 4 2 100 100 302 520 156 554
2435 4 2 100 100 491 522 345 553
2436 4 2 100 100 283 548 197 558
2437 4 2 100 100 234 178 285 523
2438 4 2 100 100 336 564 411 568
2439 4 2 100 100 385 66 65 136
2440 4 2 100 100 196 325 96 95
2441 4 2 100 100 398 415 366 516
2442 4 2 100 100 203 259 170 532
2443 4 2 100 100 448 359 392 531
2444 4 2 100 100 255 164 249 535
2445 4 2 100 100 353 438 444 536
2446 4 2 100 100 451 360 394 545
2447 4 2 100 100 205 262 171 544
2448 4 2 100 100 482 344 456 520
2449 4 2 100 100 293 155 267 522
2450 4 2 100 100 154 225 298 517
2451 4 2 100 100 487 343 414 518
2452 4 2 100 100 190 205 293 553
2453 4 2 100 100 379 394 482 554
2454 4 2 100 100 223 168 229 541
2455 4 2 100 100 412 357 418 542
2456 4 2 100 100 130 137 76 241
2457 4 2 100 100 332 323 104 245
2458 4 2 100 100 434 134 143 74
2459 4 2 100 100 295 158 211 537
2460 4 2 100 100 347 400 484 537
2461 4 2 100 100 502 492 342 517
2462 4 2 100 100 303 153 313 518
2463 4 2 100 100 360 443 493 560
2464 4 2 100 100 171 254 304 559
2465 4 2 100 100 381 536 557 563
2466 4 2 100 100 535 556 192 562
2467 4 2 100 100 46 430 319 326
2468 4 2 100 100 384 550 566 567
2469 4 2 100 100 183 266 295 509
2470 4 2 100 100 455 484 372 510
2471 4 2 100 100 379 554 482 565
2472 4 2 100 100 331 323 433 59
2473 4 2 100 100 142 244 89 134
2474 4 2 100 100 301 157 263 564
2475 4 2 100 100 469 404 436 525
2476 4 2 100 100 280 215 247 524
2477 4 2 100 100 293 205 155 553
2478 4 2 100 100 394 344 482 554
2479 4 2 100 100 189 289 556 569
2480 4 2 100 100 244 270 89 134
2481 4 2 100 100 323 433 59 459
2482 4 2 100 100 45 430 390 319
2483 4 2 100 100 286 36 117 123
2484 4 2 100 100 116 124 475 27
2485 4 2 100 100 109 386 12 13
2486 4 2 100 100 21 109 197 22
2487 4 2 100 100 467 486 344 506
2488 4 2 100 100 155 278 297 505
2489 4 2 100 100 402 413 361 559
2490 4 2 100 100 224 172 213 560
2491 4 2 100 100 19 111 274 204
2492 4 2 100 100 463 10 110 393
2493 4 2 100 100 358 447 391 532
2494 4 2 100 100 202 169 258 531
2495 4 2 100 100 16 473 114 106
2496 4 2 100 100 105 284 25 115
2497 4 2 100 100 262 188 171 559
2498 4 2 100 100 451 377 360 560
2499 4 2 100 100 384 550 452 566
2500 4 2 100 100 362 447 494 551
2501 4 2 100 100 305 173 258 552
2502 4 2 100 100 363 448 392 552
2503 4 2 100 100 203 174 259 551
2504 4 2 100 100 301 236 197 548
2505 4 2 100 100 175 273 235 557
2506 4 2 100 100 424 364 462 556
2507 4 2 100 100 134 434 460 74
2508 4 2 100 100 104 323 271 245
2509 4 2 100 100 201 130 75 241
2510 4 2 100 100 488 408 338 544
2511 4 2 100 100 219 149 299 545
2512 4 2 100 100 234 239 178 561
2513 4 2 100 100 483 396 411 549
2514 4 2 100 100 222 294 207 550
2515 4 2 100 100 255 192 147 562
2516 4 2 100 100 381 336 444 563
2517 4 2 100 100 359 441 406 526
2518 4 2 100 100 217 170 252 527
2519 4 2 100 100 219 179 302 554
2520 4 2 100 100 491 408 368 553
2521 4 2 100 100 395 420 374 570
2522 4 2 100 100 404 337 436 525
2523 4 2 100 100 247 215 148 524
2524 4 2 100 100 282 212 312 539
2525 4 2 100 100 471 401 501 540
2526 4 2 100 100 345 389 468 505
2527 4 2 100 100 156 200 279 506
2528 4 2 100 100 244 36 286 123
2529 4 2 100 100 475 124 433 27
2530 4 2 100 100 431 466 334 514
2531 4 2 100 100 324 52 377 53
2532 4 2 100 100 188 83 135 82
2533 4 2 100 100 297 232 173 528
2534 4 2 100 100 362 486 421 529
2535 4 2 100 100 226 163 253 555
2536 4 2 100 100 219 302 156 554
2537 4 2 100 100 491 345 408 553
2538 4 2 100 100 488 503 368 511
2539 4 2 100 100 314 179 299 512
2540 4 2 100 100 351 478 419 569
2541 4 2 100 100 421 453 362 529
2542 4 2 100 100 232 264 173 528
2543 4 2 100 100 190 243 167 538
2544 4 2 100 100 432 356 379 538
2545 4 2 100 100 231 147 562 570
2546 4 2 100 100 363 454 422 528
2547 4 2 100 100 233 174 265 529
2548 4 2 100 100 189 230 289 569
2549 4 2 100 100 111 19 20 204
2550 4 2 100 100 10 11 110 393
2551 4 2 100 100 347 485 400 537
2552 4 2 100 100 211 158 296 537
2553 4 2 100 100 231 562 289 569
2554 4 2 100 100 200 156 281 506
2555 4 2 100 100 345 470 389 505
2556 4 2 100 100 277 145 242 516
2557 4 2 100 100 457 502 380 508
2558 4 2 100 100 268 313 191 507
2559 4 2 100 100 452 490 346 566
2560 4 2 100 100 480 61 130 137
2561 4 2 100 100 439 15 111 106
2562 4 2 100 100 105 110 24 250
2563 4 2 100 100 362 391 447 551
2564 4 2 100 100 173 202 258 552
2565 4 2 100 100 480 60 473 130
2566 4 2 100 100 291 91 319 326
2567 4 2 100 100 91 291 212 326
2568 4 2 100 100 473 16 439 106
2569 4 2 100 100 250 105 284 25
2570 4 2 100 100 182 296 218 510
2571 4 2 100 100 485 407 371 509
2572 4 2 100 100 31 120 400 30
2573 4 2 100 100 120 40 39 211
2574 4 2 100 100 467 388 486 506
2575 4 2 100 100 278 199 297 505
2576 4 2 100 100 386 437 354 548
2577 4 2 100 100 480 401 61 137
2578 4 2 100 100 291 90 284 319
2579 4 2 100 100 302 180 156 520
2580 4 2 100 100 491 369 345 522
2581 4 2 100 100 206 185 311 570
2582 4 2 100 100 363 417 448 552
2583 4 2 100 100 259 174 228 551
2584 4 2 100 100 500 395 374 570
2585 4 2 100 100 423 369 416 561
2586 4 2 100 100 410 356 399 530
2587 4 2 100 100 210 221 167 530
2588 4 2 100 100 350 377 404 546
2589 4 2 100 100 161 188 215 547
2590 4 2 100 100 340 481 494 519
2591 4 2 100 100 151 292 305 521
2592 4 2 100 100 407 367 481 543
2593 4 2 100 100 87 88 202 133
2594 4 2 100 100 57 322 58 391
2595 4 2 100 100 45 46 430 319
2596 4 2 100 100 452 384 348 550
2597 4 2 100 100 195 159 263 549
2598 4 2 100 100 339 462 445 535
2599 4 2 100 100 256 150 273 536
2600 4 2 100 100 286 216 169 526
2601 4 2 100 100 405 358 475 527
2602 4 2 100 100 382 482 456 520
2603 4 2 100 100 193 293 267 522
2604 4 2 100 100 317 96 97 220
2605 4 2 100 100 66 409 67 128
2606 4 2 100 100 137 76 241 77
2607 4 2 100 100 164 272 191 542
2608 4 2 100 100 353 461 380 541
2609 4 2 100 100 46 47 430 326
2610 4 2 100 100 363 422 470 528
2611 4 2 100 100 281 174 233 529
2612 4 2 100 100 75 130 76 241
2613 4 2 100 100 231 289 162 569
2614 4 2 100 100 476 359 406 526
2615 4 2 100 100 170 217 287 527
2616 4 2 100 100 338 446 442 524
2617 4 2 100 100 253 149 257 525
2618 4 2 100 100 413 338 408 544
2619 4 2 100 100 219 224 149 545
2620 4 2 100 100 392 133 73 72
2621 4 2 100 100 322 103 203 102
2622 4 2 100 100 360 377 443 560
2623 4 2 100 100 171 188 254 559
2624 4 2 100 100 283 197 165 558
2625 4 2 100 100 474 367 407 543
2626 4 2 100 100 474 387 423 523
2627 4 2 100 100 438 381 444 536
2628 4 2 100 100 255 249 192 535
2629 4 2 100 100 282 312 181 539
2630 4 2 100 100 471 501 370 540
2631 4 2 100 100 15 14 439 111
2632 4 2 100 100 110 23 24 250
2633 4 2 100 100 156 180 228 520
2634 4 2 100 100 345 369 417 522
2635 4 2 100 100 138 64 412 63
2636 4 2 100 100 327 93 94 223
2637 4 2 100 100 438 353 380 541
2638 4 2 100 100 164 191 249 542
2639 4 2 100 100 64 418 65 127
2640 4 2 100 100 94 316 229 95
2641 4 2 100 100 307 152 228 519
2642 4 2 100 100 496 341 417 521
2643 4 2 100 100 44 332 126 331
2644 4 2 100 100 125 142 35 143
2645 4 2 100 100 232 132 85 86
2646 4 2 100 100 56 421 55 321
2647 4 2 100 100 283 157 301 548
2648 4 2 100 100 310 235 150 563
2649 4 2 100 100 499 424 339 562
2650 4 2 100 100 359 460 392 531
2651 4 2 100 100 271 203 170 532
2652 4 2 100 100 231 206 147 570
2653 4 2 100 100 223 256 168 541
2654 4 2 100 100 445 357 412 542
2655 4 2 100 100 157 311 263 564
2656 4 2 100 100 185 235 310 563
2657 4 2 100 100 499 374 424 562
2658 4 2 100 100 332 126 245 8
2659 4 2 100 100 125 434 143 6
2660 4 2 100 100 202 270 169 531
2661 4 2 100 100 358 391 459 532
2662 4 2 100 100 402 361 450 559
2663 4 2 100 100 172 261 213 560
2664 4 2 100 100 106 19 274 18
2665 4 2 100 100 10 9 463 105
2666 4 2 100 100 1 495 113 330
2667 4 2 100 100 386 490 425 558
2668 4 2 100 100 112 141 3 306
2669 4 2 100 100 194 240 164 540
2670 4 2 100 100 429 353 383 539
2671 4 2 100 100 473 2 114 144
2672 4 2 100 100 284 333 4 115
2673 4 2 100 100 208 153 303 518
2674 4 2 100 100 492 397 342 517
2675 4 2 100 100 153 518 309 556
2676 4 2 100 100 342 517 498 557
2677 4 2 100 100 147 222 207 567
2678 4 2 100 100 451 394 337 545
2679 4 2 100 100 148 262 205 544
2680 4 2 100 100 244 142 7 123
2681 4 2 100 100 331 124 5 433
2682 4 2 100 100 290 161 303 534
2683 4 2 100 100 492 479 350 533
2684 4 2 100 100 184 263 288 549
2685 4 2 100 100 373 452 477 550
2686 4 2 100 100 231 185 206 570
2687 4 2 100 100 423 416 335 561
2688 4 2 100 100 122 33 32 406
2689 4 2 100 100 42 217 41 121
2690 4 2 100 100 38 122 216 37
2691 4 2 100 100 405 29 121 28
2692 4 2 100 100 68 135 67 489
2693 4 2 100 100 324 300 97 98
2694 4 2 100 100 100 233 101 321
2695 4 2 100 100 132 422 70 71
2696 4 2 100 100 270 88 89 134
2697 4 2 100 100 58 323 59 459
2698 4 2 100 100 452 346 500 566
2699 4 2 100 100 231 192 289 562
2700 4 2 100 100 381 478 420 563
2701 4 2 100 100 16 15 439 106
2702 4 2 100 100 24 105 250 25
2703 4 2 100 100 84 85 304 139
2704 4 2 100 100 493 54 55 328
2705 4 2 100 100 68 131 450 69
2706 4 2 100 100 261 99 98 320
2707 4 2 100 100 127 268 80 79
2708 4 2 100 100 457 49 50 316
2709 4 2 100 100 330 333 115 26
2710 4 2 100 100 460 134 74 73
2711 4 2 100 100 323 104 271 103
2712 4 2 100 100 283 301 197 548
2713 4 2 100 100 17 114 144 112
2714 4 2 100 100 248 165 197 558
2715 4 2 100 100 483 349 396 549
2716 4 2 100 100 160 207 294 550
2717 4 2 100 100 351 419 424 569
2718 4 2 100 100 396 336 411 568
2719 4 2 100 100 311 195 263 564
2720 4 2 100 100 479 403 350 533
2721 4 2 100 100 290 214 161 534
2722 4 2 100 100 92 91 212 326
2723 4 2 100 100 290 136 80 81
2724 4 2 100 100 51 479 50 325
2725 4 2 100 100 124 44 126 331
2726 4 2 100 100 142 123 125 35
2727 4 2 100 100 209 145 226 514
2728 4 2 100 100 263 159 288 549
2729 4 2 100 100 477 452 348 550
2730 4 2 100 100 146 239 234 561
2731 4 2 100 100 231 147 192 562
2732 4 2 100 100 336 381 420 563
2733 4 2 100 100 42 43 287 116
2734 4 2 100 100 476 117 33 34
2735 4 2 100 100 286 36 37 117
2736 4 2 100 100 116 475 28 27
2737 4 2 100 100 384 499 427 567
2738 4 2 100 100 472 386 354 548
2739 4 2 100 100 327 48 461 49
2740 4 2 100 100 138 78 272 79
2741 4 2 100 100 216 251 169 526
2742 4 2 100 100 440 358 405 527
2743 4 2 100 100 334 415 398 516
2744 4 2 100 100 401 62 61 137
2745 4 2 100 100 13 425 14 108
2746 4 2 100 100 107 236 22 23
2747 4 2 100 100 195 310 238 568
2748 4 2 100 100 32 119 464 31
2749 4 2 100 100 41 275 40 118
2750 4 2 100 100 335 379 428 565
2751 4 2 100 100 454 140 72 71
2752 4 2 100 100 101 329 265 102
2753 4 2 100 100 289 230 162 569
2754 4 2 100 100 282 318 93 92
2755 4 2 100 100 144 17 112 141
2756 4 2 100 100 113 330 115 26
2757 4 2 100 100 153 309 192 556
2758 4 2 100 100 381 342 498 557
2759 4 2 100 100 78 129 240 77
2760 4 2 100 100 429 47 48 318
2761 4 2 100 100 63 62 471 129
2762 4 2 100 100 39 276 38 119
2763 4 2 100 100 30 465 29 118
2764 4 2 100 100 86 87 264 140
2765 4 2 100 100 56 329 57 453
2766 4 2 100 100 384 452 500 566
2767 4 2 100 100 255 147 207 567
2768 4 2 100 100 320 54 53 443
2769 4 2 100 100 83 84 254 131
2770 4 2 100 100 36 244 7 123
2771 4 2 100 100 124 5 433 27
2772 4 2 100 100 336 396 444 568
2773 4 2 100 100 60 480 61 130
2774 4 2 100 100 104 332 245 8
2775 4 2 100 100 143 434 74 6
2776 4 2 100 100 142 244 7 89
2777 4 2 100 100 5 331 433 59
2778 4 2 100 100 350 404 469 546
2779 4 2 100 100 161 215 280 547
2780 4 2 100 100 113 1 330 26
2781 4 2 100 100 17 112 141 3
2782 4 2 100 100 126 245 8 43
2783 4 2 100 100 125 434 6 34
2784 4 2 100 100 189 289 192 556
2785 4 2 100 100 381 378 478 557
2786 4 2 100 100 20 108 248 21
2787 4 2 100 100 11 107 437 12
2788 4 2 100 100 291 91 90 319
2789 4 2 100 100 333 90 284 4
2790 4 2 100 100 378 381 498 557
2791 4 2 100 100 189 192 309 556
2792 4 2 100 100 139 70 504 69
2793 4 2 100 100 315 100 99 328
2794 4 2 100 100 317 51 403 52
2795 4 2 100 100 81 128 82 214
2796 4 2 100 100 60 2 473 144
2797 4 2 100 100 379 482 428 565
2798 4 2 100 100 208 309 153 518
2799 4 2 100 100 342 397 498 517
2800 4 2 100 100 284 4 25 115
2801 4 2 100 100 2 16 473 114
2802 4 2 100 100 9 1 495 113
2803 4 2 100 100 18 112 3 306
2804 4 2 100 100 124 44 331 5
2805 4 2 100 100 142 7 123 35
2806 4 2 100 100 333 4 115 26
2807 4 2 100 100 114 2 17 144
2808 4 2 100 100 332 44 126 8
2809 4 2 100 100 35 125 143 6
2810 4 2 100 100 495 1 45 330
2811 4 2 100 100 3 141 75 306
$EndElements