$Elements
752
1 2 2 10 1 55 9 10
2 2 2 10 1 53 9 55
3 2 2 10 1 53 1 9
4 2 2 10 1 57 10 11
5 2 2 10 1 55 10 57
6 2 2 10 1 56 11 12
7 2 2 10 1 57 11 56
8 2 2 10 1 56 12 54
9 2 2 10 1 12 2 54
10 2 2 10 1 56 13 14
11 2 2 10 1 54 13 56
12 2 2 10 1 54 3 13
13 2 2 10 1 57 14 15
14 2 2 10 1 56 14 57
15 2 2 10 1 55 15 16
16 2 2 10 1 57 15 55
17 2 2 10 1 55 16 53
18 2 2 10 1 16 4 53
19 2 2 10 1 4 1 53
20 2 2 10 1 54 2 3
21 2 2 20 2 17 60 18
22 2 2 20 2 17 58 60
23 2 2 20 2 5 58 17
24 2 2 20 2 18 62 19
25 2 2 20 2 18 60 62
26 2 2 20 2 19 61 20
27 2 2 20 2 19 62 61
28 2 2 20 2 20 61 59
29 2 2 20 2 6 20 59
30 2 2 20 2 21 61 22
31 2 2 20 2 21 59 61
32 2 2 20 2 7 59 21
33 2 2 20 2 22 62 23
34 2 2 20 2 22 61 62
35 2 2 20 2 23 60 24
36 2 2 20 2 23 62 60
37 2 2 20 2 24 60 58
38 2 2 20 2 8 24 58
39 2 2 20 2 5 8 58
40 2 2 20 2 6 59 7
41 2 2 30 3 67 32 33
42 2 2 30 3 64 32 67
43 2 2 30 3 64 2 32
44 2 2 30 3 65 33 34
45 2 2 30 3 67 33 65
46 2 2 30 3 66 34 35
47 2 2 30 3 65 34 66
48 2 2 30 3 63 35 36
49 2 2 30 3 66 35 63
50 2 2 30 3 68 36 37
51 2 2 30 3 63 36 68
52 2 2 30 3 70 37 38
53 2 2 30 3 68 37 70
54 2 2 30 3 70 38 69
55 2 2 30 3 38 6 69
56 2 2 30 3 40 39 67
57 2 2 30 3 67 39 64
58 2 2 30 3 39 3 64
59 2 2 30 3 41 40 65
60 2 2 30 3 65 40 67
61 2 2 30 3 42 41 66
62 2 2 30 3 66 41 65
63 2 2 30 3 43 42 63
64 2 2 30 3 63 42 66
65 2 2 30 3 44 43 68
66 2 2 30 3 68 43 63
67 2 2 30 3 45 44 70
68 2 2 30 3 70 44 68
69 2 2 30 3 69 45 70
70 2 2 30 3 69 7 45
71 2 2 30 3 3 2 64
72 2 2 30 3 69 6 7
73 2 2 40 4 13 105 14
74 2 2 40 4 13 94 105
75 2 2 40 4 3 94 13
76 2 2 40 4 14 84 15
77 2 2 40 4 14 105 84
78 2 2 40 4 15 104 16
79 2 2 40 4 15 84 104
80 2 2 40 4 16 104 93
81 2 2 40 4 4 16 93
82 2 2 40 4 21 22 107
83 2 2 40 4 21 107 96
84 2 2 40 4 7 21 96
85 2 2 40 4 22 23 85
86 2 2 40 4 22 85 107
87 2 2 40 4 23 24 106
88 2 2 40 4 23 106 85
89 2 2 40 4 24 95 106
90 2 2 40 4 8 95 24
91 2 2 40 4 39 40 97
92 2 2 40 4 39 97 94
93 2 2 40 4 3 39 94
94 2 2 40 4 40 41 100
95 2 2 40 4 40 82 97
96 2 2 40 4 40 100 82
97 2 2 40 4 41 42 100
98 2 2 40 4 42 43 91
99 2 2 40 4 42 91 100
100 2 2 40 4 43 44 108
101 2 2 40 4 43 108 91
102 2 2 40 4 44 45 98
103 2 2 40 4 44 98 83
104 2 2 40 4 44 83 108
105 2 2 40 4 45 96 98
106 2 2 40 4 7 96 45
107 2 2 40 4 46 109 47
108 2 2 40 4 46 93 109
109 2 2 40 4 4 93 46
110 2 2 40 4 47 89 48
111 2 2 40 4 47 109 89
112 2 2 40 4 48 99 49
113 2 2 40 4 48 89 80
114 2 2 40 4 48 80 99
115 2 2 40 4 49 86 50
116 2 2 40 4 49 99 86
117 2 2 40 4 50 90 51
118 2 2 40 4 50 86 81
119 2 2 40 4 50 81 90
120 2 2 40 4 51 110 52
121 2 2 40 4 51 90 110
122 2 2 40 4 52 110 95
123 2 2 40 4 8 52 95
124 2 2 40 4 71 88 80
125 2 2 40 4 71 80 89
126 2 2 40 4 71 101 88
127 2 2 40 4 71 89 102
128 2 2 40 4 71 112 101
129 2 2 40 4 71 102 112
130 2 2 40 4 72 81 87
131 2 2 40 4 72 90 81
132 2 2 40 4 72 87 111
133 2 2 40 4 72 103 90
134 2 2 40 4 72 113 103
135 2 2 40 4 72 111 113
136 2 2 40 4 73 80 88
137 2 2 40 4 73 99 80
138 2 2 40 4 73 81 86
139 2 2 40 4 73 87 81
140 2 2 40 4 73 86 99
141 2 2 40 4 73 92 87
142 2 2 40 4 73 88 92
143 2 2 40 4 74 92 88
144 2 2 40 4 74 88 101
145 2 2 40 4 74 91 92
146 2 2 40 4 74 100 91
147 2 2 40 4 74 101 100
148 2 2 40 4 75 102 84
149 2 2 40 4 75 84 105
150 2 2 40 4 75 94 97
151 2 2 40 4 75 105 94
152 2 2 40 4 75 97 112
153 2 2 40 4 75 112 102
154 2 2 40 4 76 84 102
155 2 2 40 4 76 104 84
156 2 2 40 4 76 102 89
157 2 2 40 4 76 89 109
158 2 2 40 4 76 93 104
159 2 2 40 4 76 109 93
160 2 2 40 4 77 107 85
161 2 2 40 4 77 85 113
162 2 2 40 4 77 98 96
163 2 2 40 4 77 96 107
164 2 2 40 4 113 98 77
165 2 2 40 4 78 103 85
166 2 2 40 4 78 85 106
167 2 2 40 4 78 90 103
168 2 2 40 4 78 110 90
169 2 2 40 4 78 106 95
170 2 2 40 4 78 95 110
171 2 2 40 4 79 87 92
172 2 2 40 4 79 111 87
173 2 2 40 4 79 92 91
174 2 2 40 4 79 91 108
175 2 2 40 4 79 108 111
176 2 2 40 4 82 112 97
177 2 2 40 4 82 100 101
178 2 2 40 4 82 101 112
179 2 2 40 4 83 98 113
180 2 2 40 4 83 111 108
181 2 2 40 4 83 113 111
182 2 2 40 4 113 85 103
183 2 2 50 5 25 118 26
184 2 2 50 5 25 115 118
185 2 2 50 5 1 115 25
186 2 2 50 5 26 116 27
187 2 2 50 5 26 118 116
188 2 2 50 5 27 117 28
189 2 2 50 5 27 116 117
190 2 2 50 5 28 114 29
191 2 2 50 5 28 117 114
192 2 2 50 5 29 119 30
193 2 2 50 5 29 114 119
194 2 2 50 5 30 121 31
195 2 2 50 5 30 119 121
196 2 2 50 5 31 121 120
197 2 2 50 5 5 31 120
198 2 2 50 5 46 47 118
199 2 2 50 5 46 118 115
200 2 2 50 5 4 46 115
201 2 2 50 5 47 48 116
202 2 2 50 5 47 116 118
203 2 2 50 5 48 49 117
204 2 2 50 5 48 117 116
205 2 2 50 5 49 50 114
206 2 2 50 5 49 114 117
207 2 2 50 5 50 51 119
208 2 2 50 5 50 119 114
209 2 2 50 5 51 52 121
210 2 2 50 5 51 121 119
211 2 2 50 5 52 120 121
212 2 2 50 5 8 120 52
213 2 2 50 5 1 4 115
214 2 2 50 5 5 120 8
215 2 2 60 6 9 156 10
216 2 2 60 6 9 145 156
217 2 2 60 6 1 145 9
218 2 2 60 6 10 135 11
219 2 2 60 6 10 156 135
220 2 2 60 6 11 155 12
221 2 2 60 6 11 135 155
222 2 2 60 6 12 155 144
223 2 2 60 6 2 12 144
224 2 2 60 6 17 18 158
225 2 2 60 6 17 158 147
226 2 2 60 6 5 17 147
227 2 2 60 6 18 19 136
228 2 2 60 6 18 136 158
229 2 2 60 6 19 20 157
230 2 2 60 6 19 157 136
231 2 2 60 6 20 146 157
232 2 2 60 6 6 146 20
233 2 2 60 6 25 26 148
234 2 2 60 6 25 148 145
235 2 2 60 6 1 25 145
236 2 2 60 6 26 27 151
237 2 2 60 6 26 133 148
238 2 2 60 6 26 151 133
239 2 2 60 6 27 28 151
240 2 2 60 6 28 29 142
241 2 2 60 6 28 142 151
242 2 2 60 6 29 30 159
243 2 2 60 6 29 159 142
244 2 2 60 6 30 31 149
245 2 2 60 6 30 149 134
246 2 2 60 6 30 134 159
247 2 2 60 6 31 147 149
248 2 2 60 6 5 147 31
249 2 2 60 6 32 160 33
250 2 2 60 6 32 144 160
251 2 2 60 6 2 144 32
252 2 2 60 6 33 140 34
253 2 2 60 6 33 160 140
254 2 2 60 6 34 150 35
255 2 2 60 6 34 140 131
256 2 2 60 6 34 131 150
257 2 2 60 6 35 137 36
258 2 2 60 6 35 150 137
259 2 2 60 6 36 141 37
260 2 2 60 6 36 137 132
261 2 2 60 6 36 132 141
262 2 2 60 6 37 161 38
263 2 2 60 6 37 141 161
264 2 2 60 6 38 161 146
265 2 2 60 6 6 38 146
266 2 2 60 6 122 139 131
267 2 2 60 6 122 131 140
268 2 2 60 6 122 152 139
269 2 2 60 6 122 140 153
270 2 2 60 6 122 163 152
271 2 2 60 6 122 153 163
272 2 2 60 6 123 132 138
273 2 2 60 6 123 141 132
274 2 2 60 6 123 138 162
275 2 2 60 6 123 154 141
276 2 2 60 6 123 164 154
277 2 2 60 6 123 162 164
278 2 2 60 6 124 131 139
279 2 2 60 6 124 150 131
280 2 2 60 6 124 132 137
281 2 2 60 6 124 138 132
282 2 2 60 6 124 137 150
283 2 2 60 6 124 143 138
284 2 2 60 6 124 139 143
285 2 2 60 6 125 143 139
286 2 2 60 6 125 139 152
287 2 2 60 6 125 142 143
288 2 2 60 6 125 151 142
289 2 2 60 6 125 152 151
290 2 2 60 6 126 153 135
291 2 2 60 6 126 135 156
292 2 2 60 6 126 145 148
293 2 2 60 6 126 156 145
294 2 2 60 6 126 148 163
295 2 2 60 6 126 163 153
296 2 2 60 6 127 135 153
297 2 2 60 6 127 155 135
298 2 2 60 6 127 153 140
299 2 2 60 6 127 140 160
300 2 2 60 6 127 144 155
301 2 2 60 6 127 160 144
302 2 2 60 6 128 158 136
303 2 2 60 6 128 136 164
304 2 2 60 6 128 149 147
305 2 2 60 6 128 147 158
306 2 2 60 6 164 149 128
307 2 2 60 6 129 154 136
308 2 2 60 6 129 136 157
309 2 2 60 6 129 141 154
310 2 2 60 6 129 161 141
311 2 2 60 6 129 157 146
312 2 2 60 6 129 146 161
313 2 2 60 6 130 138 143
314 2 2 60 6 130 162 138
315 2 2 60 6 130 143 142
316 2 2 60 6 130 142 159
317 2 2 60 6 130 159 162
318 2 2 60 6 133 163 148
319 2 2 60 6 133 151 152
320 2 2 60 6 133 152 163
321 2 2 60 6 134 149 164
322 2 2 60 6 134 162 159
323 2 2 60 6 134 164 162
324 2 2 60 6 164 136 154
325 4 2 100 100 55 156 57 104
326 4 2 100 100 57 155 56 105
327 4 2 100 100 106 60 158 62
328 4 2 100 100 61 107 157 62
329 4 2 100 100 57 156 84 104
330 4 2 100 100 135 155 57 105
331 4 2 100 100 135 75 155 105
332 4 2 100 100 156 126 84 104
333 4 2 100 100 77 107 85 157
334 4 2 100 100 158 106 136 128
335 4 2 100 100 139 92 88 143
336 4 2 100 100 111 87 79 138
337 4 2 100 100 87 138 162 130
338 4 2 100 100 95 110 78 149
339 4 2 100 100 129 161 98 146
340 4 2 100 100 106 158 136 62
341 4 2 100 100 107 85 157 62
342 4 2 100 100 92 124 79 138
343 4 2 100 100 87 73 143 130
344 4 2 100 100 138 87 143 130
345 4 2 100 100 87 92 79 138
346 4 2 100 100 57 55 104 15
347 4 2 100 100 155 11 57 56
348 4 2 100 100 158 106 128 147
349 4 2 100 100 107 77 96 157
350 4 2 100 100 75 135 155 127
351 4 2 100 100 126 84 104 76
352 4 2 100 100 95 110 149 147
353 4 2 100 100 98 161 96 146
354 4 2 100 100 145 148 76 109
355 4 2 100 100 160 127 97 94
356 4 2 100 100 129 77 85 157
357 4 2 100 100 106 78 136 128
358 4 2 100 100 145 76 93 109
359 4 2 100 100 127 160 144 94
360 4 2 100 100 145 156 104 76
361 4 2 100 100 155 127 94 105
362 4 2 100 100 75 127 97 112
363 4 2 100 100 126 148 163 76
364 4 2 100 100 95 121 110 147
365 4 2 100 100 96 161 70 146
366 4 2 100 100 87 92 138 143
367 4 2 100 100 88 92 73 143
368 4 2 100 100 92 139 124 143
369 4 2 100 100 57 135 105 84
370 4 2 100 100 156 135 57 84
371 4 2 100 100 11 135 155 57
372 4 2 100 100 84 57 104 15
373 4 2 100 100 156 126 135 84
374 4 2 100 100 135 75 105 84
375 4 2 100 100 110 121 149 147
376 4 2 100 100 161 98 96 70
377 4 2 100 100 125 139 73 143
378 4 2 100 100 124 92 74 88
379 4 2 100 100 101 139 74 88
380 4 2 100 100 152 125 139 88
381 4 2 100 100 79 111 138 132
382 4 2 100 100 81 87 162 130
383 4 2 100 100 93 145 109 118
384 4 2 100 100 144 160 67 94
385 4 2 100 100 77 129 113 98
386 4 2 100 100 78 164 128 149
387 4 2 100 100 22 107 61 62
388 4 2 100 100 158 60 18 62
389 4 2 100 100 128 78 149 147
390 4 2 100 100 77 129 98 96
391 4 2 100 100 125 139 88 73
392 4 2 100 100 139 124 74 88
393 4 2 100 100 107 96 61 157
394 4 2 100 100 60 106 158 147
395 4 2 100 100 106 78 128 147
396 4 2 100 100 77 129 96 157
397 4 2 100 100 55 145 156 104
398 4 2 100 100 56 155 94 105
399 4 2 100 100 83 44 70 68
400 4 2 100 100 30 121 134 119
401 4 2 100 100 78 95 149 147
402 4 2 100 100 129 98 96 146
403 4 2 100 100 133 152 163 89
404 4 2 100 100 82 140 101 112
405 4 2 100 100 145 148 109 118
406 4 2 100 100 67 160 97 94
407 4 2 100 100 104 145 76 93
408 4 2 100 100 155 127 144 94
409 4 2 100 100 81 73 87 130
410 4 2 100 100 124 79 138 132
411 4 2 100 100 77 129 85 154
412 4 2 100 100 78 103 136 128
413 4 2 100 100 139 131 101 74
414 4 2 100 100 125 152 80 88
415 4 2 100 100 139 88 73 143
416 4 2 100 100 139 92 124 88
417 4 2 100 100 73 92 87 143
418 4 2 100 100 92 124 138 143
419 4 2 100 100 96 129 146 157
420 4 2 100 100 106 95 78 147
421 4 2 100 100 121 95 110 52
422 4 2 100 100 161 70 146 38
423 4 2 100 100 144 160 32 67
424 4 2 100 100 46 93 109 118
425 4 2 100 100 55 145 104 93
426 4 2 100 100 155 144 56 94
427 4 2 100 100 72 87 138 162
428 4 2 100 100 111 87 138 123
429 4 2 100 100 23 60 106 62
430 4 2 100 100 19 61 157 62
431 4 2 100 100 57 56 14 105
432 4 2 100 100 55 156 10 57
433 4 2 100 100 124 150 74 91
434 4 2 100 100 99 125 73 142
435 4 2 100 100 95 60 58 147
436 4 2 100 100 96 59 61 146
437 4 2 100 100 152 163 89 71
438 4 2 100 100 140 122 101 112
439 4 2 100 100 148 163 76 89
440 4 2 100 100 127 140 97 112
441 4 2 100 100 156 126 104 76
442 4 2 100 100 155 75 127 105
443 4 2 100 100 75 135 153 84
444 4 2 100 100 126 102 135 84
445 4 2 100 100 85 129 157 136
446 4 2 100 100 106 78 85 136
447 4 2 100 100 60 95 106 147
448 4 2 100 100 61 96 146 157
449 4 2 100 100 85 106 136 62
450 4 2 100 100 157 85 136 62
451 4 2 100 100 145 126 156 76
452 4 2 100 100 127 75 94 105
453 4 2 100 100 161 98 70 141
454 4 2 100 100 121 90 110 149
455 4 2 100 100 53 145 55 93
456 4 2 100 100 56 144 54 94
457 4 2 100 100 121 95 120 147
458 4 2 100 100 96 70 69 146
459 4 2 100 100 79 124 91 137
460 4 2 100 100 86 73 130 142
461 4 2 100 100 122 139 101 88
462 4 2 100 100 139 152 88 71
463 4 2 100 100 67 82 40 97
464 4 2 100 100 148 26 133 118
465 4 2 100 100 70 83 68 141
466 4 2 100 100 121 90 134 119
467 4 2 100 100 83 44 98 70
468 4 2 100 100 121 30 134 149
469 4 2 100 100 79 124 137 132
470 4 2 100 100 73 81 86 130
471 4 2 100 100 133 148 118 89
472 4 2 100 100 140 82 67 97
473 4 2 100 100 93 145 118 115
474 4 2 100 100 64 144 67 94
475 4 2 100 100 148 109 118 89
476 4 2 100 100 160 140 67 97
477 4 2 100 100 72 138 123 162
478 4 2 100 100 72 87 111 123
479 4 2 100 100 49 117 86 114
480 4 2 100 100 66 35 63 137
481 4 2 100 100 79 91 108 137
482 4 2 100 100 159 86 130 142
483 4 2 100 100 121 95 52 120
484 4 2 100 100 70 69 146 38
485 4 2 100 100 144 32 64 67
486 4 2 100 100 46 93 118 115
487 4 2 100 100 145 148 126 76
488 4 2 100 100 127 75 97 94
489 4 2 100 100 124 92 79 91
490 4 2 100 100 73 143 130 142
491 4 2 100 100 90 121 134 149
492 4 2 100 100 98 83 70 141
493 4 2 100 100 31 121 120 147
494 4 2 100 100 45 96 70 69
495 4 2 100 100 101 122 88 71
496 4 2 100 100 122 152 139 71
497 4 2 100 100 80 125 88 73
498 4 2 100 100 131 139 124 74
499 4 2 100 100 10 156 135 57
500 4 2 100 100 14 57 105 84
501 4 2 100 100 108 79 137 132
502 4 2 100 100 81 159 86 130
503 4 2 100 100 153 163 122 71
504 4 2 100 100 102 122 112 71
505 4 2 100 100 70 68 37 141
506 4 2 100 100 90 121 51 119
507 4 2 100 100 135 75 153 127
508 4 2 100 100 126 102 84 76
509 4 2 100 100 39 64 67 94
510 4 2 100 100 145 25 118 115
511 4 2 100 100 111 138 132 123
512 4 2 100 100 72 81 87 162
513 4 2 100 100 95 60 24 58
514 4 2 100 100 59 61 146 20
515 4 2 100 100 55 53 93 16
516 4 2 100 100 144 12 56 54
517 4 2 100 100 161 70 37 141
518 4 2 100 100 121 90 51 110
519 4 2 100 100 151 133 116 89
520 4 2 100 100 82 140 65 100
521 4 2 100 100 86 117 142 114
522 4 2 100 100 91 66 63 137
523 4 2 100 100 73 125 143 142
524 4 2 100 100 92 124 74 91
525 4 2 100 100 113 77 85 154
526 4 2 100 100 103 164 136 128
527 4 2 100 100 148 133 163 89
528 4 2 100 100 140 82 97 112
529 4 2 100 100 107 22 85 62
530 4 2 100 100 136 158 18 62
531 4 2 100 100 36 108 63 137
532 4 2 100 100 86 159 50 114
533 4 2 100 100 148 76 109 89
534 4 2 100 100 127 140 160 97
535 4 2 100 100 87 72 138 123
536 4 2 100 100 129 85 154 136
537 4 2 100 100 78 103 85 136
538 4 2 100 100 124 150 91 137
539 4 2 100 100 99 73 86 142
540 4 2 100 100 122 139 88 71
541 4 2 100 100 118 47 116 89
542 4 2 100 100 33 140 65 67
543 4 2 100 100 21 96 59 61
544 4 2 100 100 60 58 147 17
545 4 2 100 100 102 163 153 71
546 4 2 100 100 153 102 122 112
547 4 2 100 100 99 125 80 73
548 4 2 100 100 131 124 150 74
549 4 2 100 100 110 90 78 149
550 4 2 100 100 161 129 98 141
551 4 2 100 100 72 103 123 154
552 4 2 100 100 102 75 153 84
553 4 2 100 100 102 126 135 153
554 4 2 100 100 145 9 53 55
555 4 2 100 100 56 54 13 94
556 4 2 100 100 75 153 127 112
557 4 2 100 100 102 126 163 76
558 4 2 100 100 131 122 139 101
559 4 2 100 100 152 80 88 71
560 4 2 100 100 131 82 140 101
561 4 2 100 100 133 152 89 80
562 4 2 100 100 135 102 153 84
563 4 2 100 100 103 72 123 164
564 4 2 100 100 113 72 123 154
565 4 2 100 100 23 106 85 62
566 4 2 100 100 19 157 136 62
567 4 2 100 100 150 100 74 91
568 4 2 100 100 151 125 99 142
569 4 2 100 100 103 123 154 164
570 4 2 100 100 103 72 113 154
571 4 2 100 100 163 102 76 89
572 4 2 100 100 127 153 140 112
573 4 2 100 100 117 99 86 142
574 4 2 100 100 150 66 91 137
575 4 2 100 100 122 101 112 71
576 4 2 100 100 163 152 122 71
577 4 2 100 100 109 47 118 89
578 4 2 100 100 140 33 160 67
579 4 2 100 100 83 108 68 141
580 4 2 100 100 90 159 134 119
581 4 2 100 100 122 131 140 101
582 4 2 100 100 152 89 80 71
583 4 2 100 100 83 111 108 132
584 4 2 100 100 81 159 162 134
585 4 2 100 100 104 55 93 16
586 4 2 100 100 155 144 12 56
587 4 2 100 100 150 66 100 91
588 4 2 100 100 117 151 99 142
589 4 2 100 100 129 113 98 141
590 4 2 100 100 78 90 164 149
591 4 2 100 100 26 133 118 89
592 4 2 100 100 82 140 67 40
593 4 2 100 100 108 91 63 137
594 4 2 100 100 159 86 142 114
595 4 2 100 100 133 26 116 89
596 4 2 100 100 140 82 65 40
597 4 2 100 100 90 72 164 162
598 4 2 100 100 113 111 141 123
599 4 2 100 100 117 99 49 86
600 4 2 100 100 150 35 66 137
601 4 2 100 100 26 118 116 89
602 4 2 100 100 140 65 67 40
603 4 2 100 100 121 31 149 147
604 4 2 100 100 98 45 96 70
605 4 2 100 100 103 78 164 128
606 4 2 100 100 129 77 113 154
607 4 2 100 100 108 68 141 132
608 4 2 100 100 81 159 90 119
609 4 2 100 100 164 90 162 134
610 4 2 100 100 83 113 111 141
611 4 2 100 100 163 102 89 71
612 4 2 100 100 153 122 140 112
613 4 2 100 100 103 113 85 154
614 4 2 100 100 154 103 164 136
615 4 2 100 100 117 28 142 114
616 4 2 100 100 66 42 91 63
617 4 2 100 100 113 83 98 141
618 4 2 100 100 164 90 134 149
619 4 2 100 100 102 153 122 71
620 4 2 100 100 108 36 68 132
621 4 2 100 100 159 81 50 119
622 4 2 100 100 111 83 141 132
623 4 2 100 100 90 81 162 134
624 4 2 100 100 36 108 137 132
625 4 2 100 100 159 81 86 50
626 4 2 100 100 116 151 89 80
627 4 2 100 100 140 131 65 100
628 4 2 100 100 21 107 96 61
629 4 2 100 100 158 60 147 17
630 4 2 100 100 81 72 90 162
631 4 2 100 100 141 111 132 123
632 4 2 100 100 72 123 164 162
633 4 2 100 100 113 72 111 123
634 4 2 100 100 25 148 145 118
635 4 2 100 100 39 67 97 94
636 4 2 100 100 82 131 140 100
637 4 2 100 100 151 133 89 80
638 4 2 100 100 60 95 24 106
639 4 2 100 100 61 146 20 157
640 4 2 100 100 133 151 152 80
641 4 2 100 100 82 131 100 101
642 4 2 100 100 126 102 163 153
643 4 2 100 100 75 102 153 112
644 4 2 100 100 151 116 48 80
645 4 2 100 100 131 34 65 100
646 4 2 100 100 145 9 55 156
647 4 2 100 100 13 56 94 105
648 4 2 100 100 131 150 100 74
649 4 2 100 100 125 151 99 80
650 4 2 100 100 111 79 108 132
651 4 2 100 100 159 81 162 130
652 4 2 100 100 66 65 100 41
653 4 2 100 100 27 151 116 117
654 4 2 100 100 78 90 103 164
655 4 2 100 100 129 113 141 154
656 4 2 100 100 59 96 69 146
657 4 2 100 100 120 95 58 147
658 4 2 100 100 53 145 93 115
659 4 2 100 100 144 64 54 94
660 4 2 100 100 159 81 90 134
661 4 2 100 100 83 108 141 132
662 4 2 100 100 85 103 154 136
663 4 2 100 100 141 113 123 154
664 4 2 100 100 90 72 103 164
665 4 2 100 100 68 36 141 132
666 4 2 100 100 81 90 50 119
667 4 2 100 100 99 151 48 80
668 4 2 100 100 34 131 150 100
669 4 2 100 100 116 89 48 80
670 4 2 100 100 140 131 34 65
671 4 2 100 100 29 159 114 119
672 4 2 100 100 43 108 63 68
673 4 2 100 100 131 100 101 74
674 4 2 100 100 152 151 125 80
675 4 2 100 100 68 36 37 141
676 4 2 100 100 90 51 50 119
677 4 2 100 100 108 36 63 68
678 4 2 100 100 159 50 114 119
679 4 2 100 100 34 150 66 100
680 4 2 100 100 151 117 99 48
681 4 2 100 100 47 116 89 48
682 4 2 100 100 140 34 33 65
683 4 2 100 100 100 66 42 91
684 4 2 100 100 28 151 117 142
685 4 2 100 100 145 9 1 53
686 4 2 100 100 54 13 94 3
687 4 2 100 100 151 116 117 48
688 4 2 100 100 34 66 65 100
689 4 2 100 100 133 26 151 116
690 4 2 100 100 82 65 40 100
691 4 2 100 100 66 100 42 41
692 4 2 100 100 151 27 28 117
693 4 2 100 100 26 27 151 116
694 4 2 100 100 65 40 100 41
695 4 2 100 100 7 21 96 59
696 4 2 100 100 58 5 147 17
697 4 2 100 100 1 145 53 115
698 4 2 100 100 64 54 94 3
699 4 2 100 100 59 146 6 20
700 4 2 100 100 95 24 8 58
701 4 2 100 100 12 144 2 54
702 4 2 100 100 53 4 93 16
703 4 2 100 100 44 83 108 68
704 4 2 100 100 159 30 134 119
705 4 2 100 100 22 23 85 62
706 4 2 100 100 19 136 18 62
707 4 2 100 100 14 57 84 15
708 4 2 100 100 11 10 135 57
709 4 2 100 100 96 7 59 69
710 4 2 100 100 120 58 5 147
711 4 2 100 100 25 145 1 115
712 4 2 100 100 39 64 94 3
713 4 2 100 100 4 53 93 115
714 4 2 100 100 2 144 64 54
715 4 2 100 100 69 59 146 6
716 4 2 100 100 95 8 120 58
717 4 2 100 100 91 43 108 63
718 4 2 100 100 29 159 142 114
719 4 2 100 100 45 7 96 69
720 4 2 100 100 31 120 5 147
721 4 2 100 100 4 93 46 115
722 4 2 100 100 2 144 32 64
723 4 2 100 100 69 146 38 6
724 4 2 100 100 52 95 8 120
725 4 2 100 100 7 59 69 6
726 4 2 100 100 8 120 58 5
727 4 2 100 100 1 53 4 115
728 4 2 100 100 64 2 54 3
729 4 2 100 100 51 121 110 52
730 4 2 100 100 161 70 38 37
731 4 2 100 100 160 33 32 67
732 4 2 100 100 47 46 109 118
733 4 2 100 100 91 42 43 63
734 4 2 100 100 28 29 142 114
735 4 2 100 100 55 104 15 16
736 4 2 100 100 11 155 12 56
737 4 2 100 100 31 30 121 149
738 4 2 100 100 44 45 98 70
739 4 2 100 100 43 44 108 68
740 4 2 100 100 30 159 29 119
741 4 2 100 100 9 55 156 10
742 4 2 100 100 56 13 14 105
743 4 2 100 100 26 148 25 118
744 4 2 100 100 39 67 40 97
745 4 2 100 100 35 36 63 137
746 4 2 100 100 49 86 50 114
747 4 2 100 100 22 107 21 61
748 4 2 100 100 60 158 18 17
749 4 2 100 100 60 24 23 106
750 4 2 100 100 61 20 19 157
751 4 2 100 100 35 34 150 66
752 4 2 100 100 99 117 49 48
$EndElements