$Elements
899
1 2 2 10 1 64 12 2
2 2 2 10 1 13 64 2
3 2 2 10 1 9 61 1
4 2 2 10 1 61 18 1
5 2 2 10 1 63 17 4
6 2 2 10 1 18 63 4
7 2 2 10 1 62 13 3
8 2 2 10 1 14 62 3
9 2 2 10 1 10 57 9
10 2 2 10 1 57 61 9
11 2 2 10 1 11 60 10
12 2 2 10 1 60 57 10
13 2 2 10 1 11 12 64
14 2 2 10 1 58 60 11
15 2 2 10 1 11 64 58
16 2 2 10 1 62 64 13
17 2 2 10 1 15 58 14
18 2 2 10 1 58 62 14
19 2 2 10 1 16 59 15
20 2 2 10 1 59 58 15
21 2 2 10 1 16 17 63
22 2 2 10 1 57 59 16
23 2 2 10 1 16 63 57
24 2 2 10 1 61 63 18
25 2 2 10 1 59 60 58
26 2 2 10 1 60 59 57
27 2 2 10 1 64 62 58
28 2 2 10 1 63 61 57
29 2 2 20 2 7 23 70
30 2 2 20 2 7 70 24
31 2 2 20 2 5 69 19
32 2 2 20 2 5 28 69
33 2 2 20 2 8 27 71
34 2 2 20 2 8 71 28
35 2 2 20 2 6 22 72
36 2 2 20 2 6 72 23
37 2 2 20 2 19 65 20
38 2 2 20 2 19 69 65
39 2 2 20 2 20 67 21
40 2 2 20 2 20 65 67
41 2 2 20 2 72 22 21
42 2 2 20 2 21 67 66
43 2 2 20 2 66 72 21
44 2 2 20 2 23 72 70
45 2 2 20 2 24 66 25
46 2 2 20 2 24 70 66
47 2 2 20 2 25 68 26
48 2 2 20 2 25 66 68
49 2 2 20 2 71 27 26
50 2 2 20 2 26 68 65
51 2 2 20 2 65 71 26
52 2 2 20 2 28 71 69
53 2 2 20 2 66 67 68
54 2 2 20 2 65 68 67
55 2 2 20 2 66 70 72
56 2 2 20 2 65 69 71
57 2 2 30 3 79 23 7
58 2 2 30 3 49 79 7
59 2 2 30 3 23 82 6
60 2 2 30 3 82 42 6
61 2 2 30 3 81 13 2
62 2 2 30 3 36 81 2
63 2 2 30 3 13 80 3
64 2 2 30 3 80 43 3
65 2 2 30 3 81 80 13
66 2 2 30 3 79 82 23
67 2 2 30 3 37 76 36
68 2 2 30 3 76 81 36
69 2 2 30 3 38 73 37
70 2 2 30 3 73 76 37
71 2 2 30 3 39 78 38
72 2 2 30 3 78 73 38
73 2 2 30 3 40 74 39
74 2 2 30 3 74 78 39
75 2 2 30 3 41 77 40
76 2 2 30 3 77 74 40
77 2 2 30 3 42 75 41
78 2 2 30 3 75 77 41
79 2 2 30 3 82 75 42
80 2 2 30 3 76 44 43
81 2 2 30 3 80 76 43
82 2 2 30 3 73 45 44
83 2 2 30 3 76 73 44
84 2 2 30 3 78 46 45
85 2 2 30 3 73 78 45
86 2 2 30 3 74 47 46
87 2 2 30 3 78 74 46
88 2 2 30 3 77 48 47
89 2 2 30 3 74 77 47
90 2 2 30 3 75 49 48
91 2 2 30 3 77 75 48
92 2 2 30 3 75 79 49
93 2 2 30 3 80 81 76
94 2 2 30 3 82 79 75
95 2 2 40 4 24 108 7
96 2 2 40 4 108 49 7
97 2 2 40 4 107 27 8
98 2 2 40 4 56 107 8
99 2 2 40 4 17 105 4
100 2 2 40 4 105 50 4
101 2 2 40 4 106 14 3
102 2 2 40 4 43 106 3
103 2 2 40 4 117 15 14
104 2 2 40 4 106 117 14
105 2 2 40 4 96 16 15
106 2 2 40 4 117 96 15
107 2 2 40 4 116 17 16
108 2 2 40 4 96 116 16
109 2 2 40 4 116 105 17
110 2 2 40 4 25 119 24
111 2 2 40 4 119 108 24
112 2 2 40 4 26 97 25
113 2 2 40 4 97 119 25
114 2 2 40 4 27 118 26
115 2 2 40 4 118 97 26
116 2 2 40 4 107 118 27
117 2 2 40 4 44 109 43
118 2 2 40 4 109 106 43
119 2 2 40 4 45 112 44
120 2 2 40 4 94 109 44
121 2 2 40 4 112 94 44
122 2 2 40 4 46 112 45
123 2 2 40 4 47 103 46
124 2 2 40 4 103 112 46
125 2 2 40 4 48 120 47
126 2 2 40 4 120 103 47
127 2 2 40 4 49 110 48
128 2 2 40 4 110 95 48
129 2 2 40 4 95 120 48
130 2 2 40 4 108 110 49
131 2 2 40 4 121 51 50
132 2 2 40 4 105 121 50
133 2 2 40 4 101 52 51
134 2 2 40 4 121 101 51
135 2 2 40 4 111 53 52
136 2 2 40 4 101 92 52
137 2 2 40 4 92 111 52
138 2 2 40 4 98 54 53
139 2 2 40 4 111 98 53
140 2 2 40 4 102 55 54
141 2 2 40 4 98 93 54
142 2 2 40 4 93 102 54
143 2 2 40 4 122 56 55
144 2 2 40 4 102 122 55
145 2 2 40 4 122 107 56
146 2 2 40 4 110 125 95
147 2 2 40 4 123 120 95
148 2 2 40 4 125 123 95
149 2 2 40 4 124 109 94
150 2 2 40 4 112 113 94
151 2 2 40 4 113 124 94
152 2 2 40 4 93 98 85
153 2 2 40 4 99 93 85
154 2 2 40 4 93 99 84
155 2 2 40 4 102 93 84
156 2 2 40 4 92 100 85
157 2 2 40 4 111 92 85
158 2 2 40 4 100 92 83
159 2 2 40 4 92 101 83
160 2 2 40 4 99 104 91
161 2 2 40 4 123 99 91
162 2 2 40 4 104 103 91
163 2 2 40 4 103 120 91
164 2 2 40 4 120 123 91
165 2 2 40 4 115 97 90
166 2 2 40 4 97 118 90
167 2 2 40 4 102 115 90
168 2 2 40 4 122 102 90
169 2 2 40 4 118 107 90
170 2 2 40 4 107 122 90
171 2 2 40 4 119 97 89
172 2 2 40 4 97 125 89
173 2 2 40 4 110 108 89
174 2 2 40 4 108 119 89
175 2 2 40 4 110 89 125
176 2 2 40 4 96 114 88
177 2 2 40 4 116 96 88
178 2 2 40 4 114 101 88
179 2 2 40 4 101 121 88
180 2 2 40 4 105 116 88
181 2 2 40 4 121 105 88
182 2 2 40 4 114 96 87
183 2 2 40 4 96 117 87
184 2 2 40 4 106 109 87
185 2 2 40 4 117 106 87
186 2 2 40 4 109 124 87
187 2 2 40 4 124 114 87
188 2 2 40 4 104 100 86
189 2 2 40 4 100 113 86
190 2 2 40 4 103 104 86
191 2 2 40 4 112 103 86
192 2 2 40 4 113 112 86
193 2 2 40 4 98 111 85
194 2 2 40 4 104 99 85
195 2 2 40 4 100 104 85
196 2 2 40 4 99 123 84
197 2 2 40 4 115 102 84
198 2 2 40 4 125 115 84
199 2 2 40 4 123 125 84
200 2 2 40 4 113 100 83
201 2 2 40 4 101 114 83
202 2 2 40 4 124 113 83
203 2 2 40 4 114 124 83
204 2 2 40 4 97 115 125
205 2 2 50 5 5 132 28
206 2 2 50 5 5 35 132
207 2 2 50 5 8 28 135
208 2 2 50 5 8 135 56
209 2 2 50 5 1 18 133
210 2 2 50 5 1 133 29
211 2 2 50 5 4 134 18
212 2 2 50 5 4 50 134
213 2 2 50 5 18 134 133
214 2 2 50 5 28 132 135
215 2 2 50 5 29 129 30
216 2 2 50 5 29 133 129
217 2 2 50 5 30 126 31
218 2 2 50 5 30 129 126
219 2 2 50 5 31 131 32
220 2 2 50 5 31 126 131
221 2 2 50 5 32 127 33
222 2 2 50 5 32 131 127
223 2 2 50 5 33 130 34
224 2 2 50 5 33 127 130
225 2 2 50 5 34 128 35
226 2 2 50 5 34 130 128
227 2 2 50 5 35 128 132
228 2 2 50 5 50 51 129
229 2 2 50 5 50 129 134
230 2 2 50 5 51 52 126
231 2 2 50 5 51 126 129
232 2 2 50 5 52 53 131
233 2 2 50 5 52 131 126
234 2 2 50 5 53 54 127
235 2 2 50 5 53 127 131
236 2 2 50 5 54 55 130
237 2 2 50 5 54 130 127
238 2 2 50 5 55 56 128
239 2 2 50 5 55 128 130
240 2 2 50 5 56 135 128
241 2 2 50 5 129 133 134
242 2 2 50 5 128 135 132
243 2 2 60 6 19 161 5
244 2 2 60 6 161 35 5
245 2 2 60 6 160 22 6
246 2 2 60 6 42 160 6
247 2 2 60 6 12 158 2
248 2 2 60 6 158 36 2
249 2 2 60 6 159 9 1
250 2 2 60 6 29 159 1
251 2 2 60 6 170 10 9
252 2 2 60 6 159 170 9
253 2 2 60 6 149 11 10
254 2 2 60 6 170 149 10
255 2 2 60 6 169 12 11
256 2 2 60 6 149 169 11
257 2 2 60 6 169 158 12
258 2 2 60 6 20 172 19
259 2 2 60 6 172 161 19
260 2 2 60 6 21 150 20
261 2 2 60 6 150 172 20
262 2 2 60 6 22 171 21
263 2 2 60 6 171 150 21
264 2 2 60 6 160 171 22
265 2 2 60 6 30 162 29
266 2 2 60 6 162 159 29
267 2 2 60 6 31 165 30
268 2 2 60 6 147 162 30
269 2 2 60 6 165 147 30
270 2 2 60 6 32 165 31
271 2 2 60 6 33 156 32
272 2 2 60 6 156 165 32
273 2 2 60 6 34 173 33
274 2 2 60 6 173 156 33
275 2 2 60 6 35 163 34
276 2 2 60 6 163 148 34
277 2 2 60 6 148 173 34
278 2 2 60 6 161 163 35
279 2 2 60 6 174 37 36
280 2 2 60 6 158 174 36
281 2 2 60 6 154 38 37
282 2 2 60 6 174 154 37
283 2 2 60 6 164 39 38
284 2 2 60 6 154 145 38
285 2 2 60 6 145 164 38
286 2 2 60 6 151 40 39
287 2 2 60 6 164 151 39
288 2 2 60 6 155 41 40
289 2 2 60 6 151 146 40
290 2 2 60 6 146 155 40
291 2 2 60 6 175 42 41
292 2 2 60 6 155 175 41
293 2 2 60 6 175 160 42
294 2 2 60 6 145 153 138
295 2 2 60 6 164 145 138
296 2 2 60 6 146 151 138
297 2 2 60 6 152 146 138
298 2 2 60 6 151 164 138
299 2 2 60 6 157 152 138
300 2 2 60 6 153 157 138
301 2 2 60 6 146 152 137
302 2 2 60 6 155 146 137
303 2 2 60 6 152 176 137
304 2 2 60 6 168 155 137
305 2 2 60 6 178 168 137
306 2 2 60 6 176 178 137
307 2 2 60 6 153 145 136
308 2 2 60 6 145 154 136
309 2 2 60 6 166 153 136
310 2 2 60 6 154 167 136
311 2 2 60 6 177 166 136
312 2 2 60 6 167 177 136
313 2 2 60 6 157 153 139
314 2 2 60 6 153 166 139
315 2 2 60 6 156 157 139
316 2 2 60 6 165 156 139
317 2 2 60 6 166 165 139
318 2 2 60 6 167 149 140
319 2 2 60 6 149 170 140
320 2 2 60 6 159 162 140
321 2 2 60 6 170 159 140
322 2 2 60 6 162 177 140
323 2 2 60 6 177 167 140
324 2 2 60 6 149 167 141
325 2 2 60 6 169 149 141
326 2 2 60 6 167 154 141
327 2 2 60 6 154 174 141
328 2 2 60 6 158 169 141
329 2 2 60 6 174 158 141
330 2 2 60 6 172 150 142
331 2 2 60 6 150 178 142
332 2 2 60 6 163 161 142
333 2 2 60 6 161 172 142
334 2 2 60 6 163 142 178
335 2 2 60 6 168 150 143
336 2 2 60 6 150 171 143
337 2 2 60 6 155 168 143
338 2 2 60 6 175 155 143
339 2 2 60 6 171 160 143
340 2 2 60 6 160 175 143
341 2 2 60 6 152 157 144
342 2 2 60 6 176 152 144
343 2 2 60 6 157 156 144
344 2 2 60 6 156 173 144
345 2 2 60 6 173 176 144
346 2 2 60 6 177 162 147
347 2 2 60 6 165 166 147
348 2 2 60 6 166 177 147
349 2 2 60 6 163 178 148
350 2 2 60 6 176 173 148
351 2 2 60 6 178 176 148
352 2 2 60 6 150 168 178
353 4 2 100 100 113 188 186 189
354 4 2 100 100 59 116 96 180
355 4 2 100 100 168 187 185 191
356 4 2 100 100 185 187 115 191
357 4 2 100 100 120 103 91 179
358 4 2 100 100 103 91 179 188
359 4 2 100 100 106 80 62 186
360 4 2 100 100 116 88 180 181
361 4 2 100 100 137 179 185 187
362 4 2 100 100 168 137 185 187
363 4 2 100 100 95 120 179 185
364 4 2 100 100 80 81 64 186
365 4 2 100 100 116 88 96 180
366 4 2 100 100 115 185 125 187
367 4 2 100 100 141 64 169 158
368 4 2 100 100 141 169 64 180
369 4 2 100 100 186 188 145 189
370 4 2 100 100 125 185 179 187
371 4 2 100 100 113 112 186 188
372 4 2 100 100 64 81 158 186
373 4 2 100 100 74 179 151 188
374 4 2 100 100 80 76 81 186
375 4 2 100 100 84 115 125 187
376 4 2 100 100 80 64 62 186
377 4 2 100 100 105 88 116 181
378 4 2 100 100 74 120 77 179
379 4 2 100 100 116 180 57 181
380 4 2 100 100 61 159 133 181
381 4 2 100 100 77 179 120 185
382 4 2 100 100 113 182 86 189
383 4 2 100 100 84 125 179 187
384 4 2 100 100 113 86 188 189
385 4 2 100 100 58 106 62 186
386 4 2 100 100 59 57 116 180
387 4 2 100 100 147 126 181 190
388 4 2 100 100 87 106 117 180
389 4 2 100 100 64 158 141 186
390 4 2 100 100 74 77 146 179
391 4 2 100 100 142 172 161 184
392 4 2 100 100 89 119 108 185
393 4 2 100 100 95 77 120 185
394 4 2 100 100 95 120 123 179
395 4 2 100 100 95 179 123 185
396 4 2 100 100 143 185 171 191
397 4 2 100 100 103 179 74 188
398 4 2 100 100 119 66 89 191
399 4 2 100 100 77 146 179 185
400 4 2 100 100 106 58 117 180
401 4 2 100 100 134 63 133 181
402 4 2 100 100 108 70 79 185
403 4 2 100 100 151 74 146 179
404 4 2 100 100 145 186 73 188
405 4 2 100 100 166 147 189 190
406 4 2 100 100 113 112 94 186
407 4 2 100 100 166 147 181 189
408 4 2 100 100 135 107 122 184
409 4 2 100 100 64 169 58 180
410 4 2 100 100 64 141 180 186
411 4 2 100 100 82 160 175 185
412 4 2 100 100 76 158 81 186
413 4 2 100 100 182 188 86 189
414 4 2 100 100 61 133 63 181
415 4 2 100 100 120 74 103 179
416 4 2 100 100 177 181 180 189
417 4 2 100 100 141 158 174 186
418 4 2 100 100 112 73 186 188
419 4 2 100 100 89 66 119 185
420 4 2 100 100 178 187 168 191
421 4 2 100 100 63 105 116 181
422 4 2 100 100 132 161 69 184
423 4 2 100 100 58 180 106 186
424 4 2 100 100 172 65 161 184
425 4 2 100 100 130 183 173 187
426 4 2 100 100 64 58 62 186
427 4 2 100 100 105 63 134 181
428 4 2 100 100 107 118 90 184
429 4 2 100 100 160 171 143 185
430 4 2 100 100 147 181 189 190
431 4 2 100 100 161 172 69 65
432 4 2 100 100 66 171 185 191
433 4 2 100 100 76 174 158 186
434 4 2 100 100 93 183 130 187
435 4 2 100 100 178 184 187 191
436 4 2 100 100 152 182 179 183
437 4 2 100 100 113 100 86 182
438 4 2 100 100 119 66 108 185
439 4 2 100 100 134 133 129 181
440 4 2 100 100 67 171 66 191
441 4 2 100 100 161 65 69 184
442 4 2 100 100 119 89 97 191
443 4 2 100 100 106 180 87 186
444 4 2 100 100 70 72 79 185
445 4 2 100 100 179 182 99 183
446 4 2 100 100 172 184 142 191
447 4 2 100 100 132 71 135 184
448 4 2 100 100 64 180 58 186
449 4 2 100 100 82 79 72 185
450 4 2 100 100 148 184 130 187
451 4 2 100 100 70 108 66 185
452 4 2 100 100 82 72 160 185
453 4 2 100 100 71 107 135 184
454 4 2 100 100 170 149 140 180
455 4 2 100 100 148 130 173 187
456 4 2 100 100 124 186 180 189
457 4 2 100 100 177 180 167 189
458 4 2 100 100 119 70 108 66
459 4 2 100 100 57 170 140 180
460 4 2 100 100 157 182 152 183
461 4 2 100 100 159 61 57 181
462 4 2 100 100 71 118 107 184
463 4 2 100 100 160 72 171 185
464 4 2 100 100 69 71 132 184
465 4 2 100 100 152 183 179 187
466 4 2 100 100 89 66 185 191
467 4 2 100 100 150 143 171 191
468 4 2 100 100 159 57 170 181
469 4 2 100 100 178 137 168 187
470 4 2 100 100 121 105 129 181
471 4 2 100 100 76 81 158 174
472 4 2 100 100 184 115 187 191
473 4 2 100 100 57 140 170 181
474 4 2 100 100 128 135 122 184
475 4 2 100 100 100 182 113 189
476 4 2 100 100 65 184 172 191
477 4 2 100 100 114 124 180 189
478 4 2 100 100 75 82 175 185
479 4 2 100 100 177 166 147 181
480 4 2 100 100 101 181 126 190
481 4 2 100 100 57 63 116 181
482 4 2 100 100 121 105 134 129
483 4 2 100 100 150 171 67 191
484 4 2 100 100 57 180 140 181
485 4 2 100 100 147 126 162 181
486 4 2 100 100 145 188 182 189
487 4 2 100 100 179 183 99 187
488 4 2 100 100 145 182 153 189
489 4 2 100 100 113 86 112 188
490 4 2 100 100 130 93 127 183
491 4 2 100 100 57 170 149 60
492 4 2 100 100 105 134 129 181
493 4 2 100 100 90 184 118 191
494 4 2 100 100 92 189 181 190
495 4 2 100 100 144 183 152 187
496 4 2 100 100 123 84 125 179
497 4 2 100 100 173 130 127 183
498 4 2 100 100 104 179 91 188
499 4 2 100 100 125 185 115 191
500 4 2 100 100 114 180 181 189
501 4 2 100 100 121 88 105 181
502 4 2 100 100 78 164 145 188
503 4 2 100 100 118 184 71 191
504 4 2 100 100 113 186 124 189
505 4 2 100 100 157 152 144 183
506 4 2 100 100 159 170 140 181
507 4 2 100 100 136 186 145 189
508 4 2 100 100 177 166 181 189
509 4 2 100 100 61 63 57 181
510 4 2 100 100 112 73 94 186
511 4 2 100 100 69 65 71 184
512 4 2 100 100 70 66 72 185
513 4 2 100 100 72 66 171 185
514 4 2 100 100 77 155 146 185
515 4 2 100 100 147 165 126 190
516 4 2 100 100 168 185 143 191
517 4 2 100 100 57 149 170 180
518 4 2 100 100 180 186 167 189
519 4 2 100 100 151 179 138 188
520 4 2 100 100 127 93 98 183
521 4 2 100 100 73 78 164 145
522 4 2 100 100 89 185 125 191
523 4 2 100 100 128 132 135 184
524 4 2 100 100 106 76 80 186
525 4 2 100 100 78 145 73 188
526 4 2 100 100 123 179 125 185
527 4 2 100 100 145 153 182 188
528 4 2 100 100 57 60 149 180
529 4 2 100 100 167 180 177 181
530 4 2 100 100 106 117 58 62
531 4 2 100 100 173 183 144 187
532 4 2 100 100 79 82 75 185
533 4 2 100 100 163 161 132 184
534 4 2 100 100 110 108 79 185
535 4 2 100 100 140 167 177 181
536 4 2 100 100 120 91 123 179
537 4 2 100 100 104 182 179 188
538 4 2 100 100 131 111 126 190
539 4 2 100 100 98 111 131 183
540 4 2 100 100 122 107 90 184
541 4 2 100 100 175 160 143 185
542 4 2 100 100 89 125 97 191
543 4 2 100 100 101 92 181 190
544 4 2 100 100 85 99 182 183
545 4 2 100 100 148 163 128 184
546 4 2 100 100 95 110 75 185
547 4 2 100 100 150 168 143 191
548 4 2 100 100 111 92 126 190
549 4 2 100 100 162 126 129 181
550 4 2 100 100 111 131 183 190
551 4 2 100 100 114 180 88 181
552 4 2 100 100 65 118 71 191
553 4 2 100 100 136 167 186 189
554 4 2 100 100 99 179 104 182
555 4 2 100 100 88 114 96 180
556 4 2 100 100 140 180 167 181
557 4 2 100 100 114 83 124 189
558 4 2 100 100 106 109 76 186
559 4 2 100 100 133 159 129 181
560 4 2 100 100 156 183 131 190
561 4 2 100 100 30 162 147 126
562 4 2 100 100 101 126 92 190
563 4 2 100 100 65 71 184 191
564 4 2 100 100 130 184 102 187
565 4 2 100 100 34 148 163 128
566 4 2 100 100 162 129 159 181
567 4 2 100 100 138 179 152 182
568 4 2 100 100 127 98 131 183
569 4 2 100 100 149 60 169 180
570 4 2 100 100 138 182 153 188
571 4 2 100 100 137 179 155 185
572 4 2 100 100 48 95 110 75
573 4 2 100 100 130 102 93 187
574 4 2 100 100 151 146 138 179
575 4 2 100 100 179 182 138 188
576 4 2 100 100 101 83 181 189
577 4 2 100 100 73 145 154 186
578 4 2 100 100 61 159 57 170
579 4 2 100 100 119 97 66 191
580 4 2 100 100 101 181 92 189
581 4 2 100 100 148 128 130 184
582 4 2 100 100 159 162 133 129
583 4 2 100 100 78 73 112 188
584 4 2 100 100 77 95 75 185
585 4 2 100 100 58 169 60 180
586 4 2 100 100 173 144 176 187
587 4 2 100 100 89 108 110 185
588 4 2 100 100 142 161 163 184
589 4 2 100 100 155 179 146 185
590 4 2 100 100 148 173 176 187
591 4 2 100 100 163 132 128 184
592 4 2 100 100 101 121 129 181
593 4 2 100 100 127 131 156 183
594 4 2 100 100 106 87 109 186
595 4 2 100 100 64 80 62 81
596 4 2 100 100 80 106 109 76
597 4 2 100 100 110 79 75 185
598 4 2 100 100 73 78 38 164
599 4 2 100 100 114 181 83 189
600 4 2 100 100 166 165 147 190
601 4 2 100 100 38 73 164 145
602 4 2 100 100 59 96 117 180
603 4 2 100 100 83 113 124 189
604 4 2 100 100 130 127 93 54
605 4 2 100 100 34 148 128 130
606 4 2 100 100 77 74 146 40
607 4 2 100 100 125 115 97 191
608 4 2 100 100 59 60 57 180
609 4 2 100 100 146 155 137 179
610 4 2 100 100 95 48 77 75
611 4 2 100 100 154 174 76 186
612 4 2 100 100 44 109 94 186
613 4 2 100 100 122 102 128 184
614 4 2 100 100 144 152 176 187
615 4 2 100 100 177 167 136 189
616 4 2 100 100 157 138 152 182
617 4 2 100 100 85 99 104 182
618 4 2 100 100 74 151 146 40
619 4 2 100 100 127 93 54 98
620 4 2 100 100 145 138 153 188
621 4 2 100 100 162 30 129 126
622 4 2 100 100 139 157 183 190
623 4 2 100 100 111 52 126 92
624 4 2 100 100 111 52 131 126
625 4 2 100 100 101 92 83 189
626 4 2 100 100 122 128 102 55
627 4 2 100 100 173 127 156 183
628 4 2 100 100 154 37 76 174
629 4 2 100 100 165 156 131 190
630 4 2 100 100 182 183 157 190
631 4 2 100 100 145 153 136 189
632 4 2 100 100 68 119 97 66
633 4 2 100 100 59 117 58 180
634 4 2 100 100 152 179 137 187
635 4 2 100 100 101 121 51 129
636 4 2 100 100 175 155 75 185
637 4 2 100 100 103 104 91 188
638 4 2 100 100 113 94 124 186
639 4 2 100 100 95 123 125 185
640 4 2 100 100 93 99 183 187
641 4 2 100 100 166 153 139 190
642 4 2 100 100 68 66 97 191
643 4 2 100 100 86 182 104 188
644 4 2 100 100 75 175 41 155
645 4 2 100 100 151 164 78 188
646 4 2 100 100 148 176 178 187
647 4 2 100 100 162 159 140 181
648 4 2 100 100 165 131 126 190
649 4 2 100 100 44 94 73 186
650 4 2 100 100 104 99 91 179
651 4 2 100 100 78 74 151 188
652 4 2 100 100 141 149 169 180
653 4 2 100 100 84 184 115 187
654 4 2 100 100 101 129 126 181
655 4 2 100 100 85 111 183 190
656 4 2 100 100 139 182 157 190
657 4 2 100 100 139 157 156 183
658 4 2 100 100 44 76 109 186
659 4 2 100 100 176 152 137 187
660 4 2 100 100 69 132 71 135
661 4 2 100 100 99 84 123 179
662 4 2 100 100 153 182 139 190
663 4 2 100 100 67 65 172 191
664 4 2 100 100 166 189 153 190
665 4 2 100 100 61 133 134 63
666 4 2 100 100 182 189 100 190
667 4 2 100 100 84 179 99 187
668 4 2 100 100 151 39 78 164
669 4 2 100 100 150 67 172 191
670 4 2 100 100 156 139 183 190
671 4 2 100 100 173 156 144 183
672 4 2 100 100 53 98 111 131
673 4 2 100 100 67 66 68 191
674 4 2 100 100 140 149 167 180
675 4 2 100 100 176 137 178 187
676 4 2 100 100 154 145 136 186
677 4 2 100 100 139 153 157 182
678 4 2 100 100 100 104 86 182
679 4 2 100 100 78 103 74 188
680 4 2 100 100 153 189 182 190
681 4 2 100 100 85 111 98 183
682 4 2 100 100 85 182 100 190
683 4 2 100 100 128 102 130 184
684 4 2 100 100 39 151 78 74
685 4 2 100 100 178 150 142 191
686 4 2 100 100 59 116 16 96
687 4 2 100 100 78 112 103 188
688 4 2 100 100 127 98 53 131
689 4 2 100 100 148 178 184 187
690 4 2 100 100 178 142 184 191
691 4 2 100 100 165 139 156 190
692 4 2 100 100 96 59 117 15
693 4 2 100 100 85 93 99 183
694 4 2 100 100 154 76 73 186
695 4 2 100 100 170 10 149 60
696 4 2 100 100 77 75 155 185
697 4 2 100 100 146 152 138 179
698 4 2 100 100 67 150 172 20
699 4 2 100 100 92 100 189 190
700 4 2 100 100 87 180 124 186
701 4 2 100 100 73 76 44 186
702 4 2 100 100 128 130 102 55
703 4 2 100 100 167 180 141 186
704 4 2 100 100 80 106 43 109
705 4 2 100 100 65 68 118 191
706 4 2 100 100 85 183 182 190
707 4 2 100 100 172 67 20 65
708 4 2 100 100 29 159 162 133
709 4 2 100 100 178 168 150 191
710 4 2 100 100 25 68 119 97
711 4 2 100 100 154 73 38 145
712 4 2 100 100 77 75 41 155
713 4 2 100 100 93 130 54 102
714 4 2 100 100 154 37 73 76
715 4 2 100 100 87 114 124 180
716 4 2 100 100 77 146 155 40
717 4 2 100 100 32 156 127 131
718 4 2 100 100 57 59 116 16
719 4 2 100 100 84 102 184 187
720 4 2 100 100 32 165 156 131
721 4 2 100 100 121 105 50 134
722 4 2 100 100 46 78 103 74
723 4 2 100 100 81 158 174 36
724 4 2 100 100 70 82 79 72
725 4 2 100 100 78 112 46 103
726 4 2 100 100 51 101 129 126
727 4 2 100 100 87 117 96 180
728 4 2 100 100 101 83 114 181
729 4 2 100 100 135 56 122 107
730 4 2 100 100 82 175 160 42
731 4 2 100 100 43 80 109 76
732 4 2 100 100 177 136 166 189
733 4 2 100 100 173 148 34 130
734 4 2 100 100 162 29 133 129
735 4 2 100 100 52 101 126 92
736 4 2 100 100 95 48 120 77
737 4 2 100 100 91 99 123 179
738 4 2 100 100 92 100 83 189
739 4 2 100 100 150 172 142 191
740 4 2 100 100 83 100 113 189
741 4 2 100 100 154 136 167 186
742 4 2 100 100 59 117 15 58
743 4 2 100 100 85 100 92 190
744 4 2 100 100 156 157 144 183
745 4 2 100 100 162 177 147 181
746 4 2 100 100 168 137 155 185
747 4 2 100 100 115 84 102 184
748 4 2 100 100 67 66 171 21
749 4 2 100 100 161 35 163 132
750 4 2 100 100 165 30 147 126
751 4 2 100 100 68 25 119 66
752 4 2 100 100 68 97 118 191
753 4 2 100 100 150 67 171 21
754 4 2 100 100 169 149 11 60
755 4 2 100 100 108 49 110 79
756 4 2 100 100 58 60 59 180
757 4 2 100 100 141 174 154 186
758 4 2 100 100 76 81 174 36
759 4 2 100 100 33 173 130 127
760 4 2 100 100 120 47 74 77
761 4 2 100 100 86 104 103 188
762 4 2 100 100 128 135 56 122
763 4 2 100 100 50 121 134 129
764 4 2 100 100 58 169 11 60
765 4 2 100 100 157 153 138 182
766 4 2 100 100 104 100 85 182
767 4 2 100 100 173 33 156 127
768 4 2 100 100 103 120 47 74
769 4 2 100 100 154 167 141 186
770 4 2 100 100 82 75 175 42
771 4 2 100 100 166 139 165 190
772 4 2 100 100 86 103 112 188
773 4 2 100 100 177 162 140 181
774 4 2 100 100 101 88 121 181
775 4 2 100 100 73 44 112 94
776 4 2 100 100 35 163 132 128
777 4 2 100 100 90 115 184 191
778 4 2 100 100 101 114 88 181
779 4 2 100 100 170 57 10 60
780 4 2 100 100 49 110 79 75
781 4 2 100 100 31 165 131 126
782 4 2 100 100 164 138 145 188
783 4 2 100 100 85 92 111 190
784 4 2 100 100 41 77 155 40
785 4 2 100 100 141 167 149 180
786 4 2 100 100 65 68 26 118
787 4 2 100 100 73 78 112 45
788 4 2 100 100 37 154 73 38
789 4 2 100 100 130 54 102 55
790 4 2 100 100 159 61 9 170
791 4 2 100 100 133 61 134 18
792 4 2 100 100 87 96 114 180
793 4 2 100 100 146 137 152 179
794 4 2 100 100 30 165 31 126
795 4 2 100 100 78 112 45 46
796 4 2 100 100 70 119 108 24
797 4 2 100 100 85 98 93 183
798 4 2 100 100 31 165 32 131
799 4 2 100 100 87 124 109 186
800 4 2 100 100 62 80 13 81
801 4 2 100 100 52 101 51 126
802 4 2 100 100 151 138 164 188
803 4 2 100 100 33 32 156 127
804 4 2 100 100 46 103 47 74
805 4 2 100 100 68 26 118 97
806 4 2 100 100 161 5 132 69
807 4 2 100 100 108 70 7 79
808 4 2 100 100 80 106 62 3
809 4 2 100 100 124 94 109 186
810 4 2 100 100 44 73 112 45
811 4 2 100 100 1 61 159 133
812 4 2 100 100 106 117 62 14
813 4 2 100 100 84 99 93 187
814 4 2 100 100 12 64 169 11
815 4 2 100 100 166 136 153 189
816 4 2 100 100 70 82 23 79
817 4 2 100 100 90 118 97 191
818 4 2 100 100 17 63 116 16
819 4 2 100 100 33 173 34 130
820 4 2 100 100 148 178 163 184
821 4 2 100 100 95 125 110 185
822 4 2 100 100 120 48 47 77
823 4 2 100 100 122 90 102 184
824 4 2 100 100 175 143 155 185
825 4 2 100 100 178 142 163 184
826 4 2 100 100 125 89 110 185
827 4 2 100 100 56 128 122 55
828 4 2 100 100 49 48 110 75
829 4 2 100 100 168 155 143 185
830 4 2 100 100 90 115 102 184
831 4 2 100 100 172 19 161 69
832 4 2 100 100 30 29 162 129
833 4 2 100 100 35 34 163 128
834 4 2 100 100 44 43 109 76
835 4 2 100 100 37 76 174 36
836 4 2 100 100 63 57 116 16
837 4 2 100 100 51 121 50 129
838 4 2 100 100 75 175 42 41
839 4 2 100 100 27 71 26 118
840 4 2 100 100 84 93 102 187
841 4 2 100 100 117 58 62 14
842 4 2 100 100 72 22 171 21
843 4 2 100 100 69 132 135 28
844 4 2 100 100 172 19 69 65
845 4 2 100 100 9 61 57 170
846 4 2 100 100 54 127 98 53
847 4 2 100 100 66 72 171 21
848 4 2 100 100 39 151 74 40
849 4 2 100 100 65 67 68 191
850 4 2 100 100 61 134 18 63
851 4 2 100 100 70 119 24 66
852 4 2 100 100 90 97 115 191
853 4 2 100 100 172 20 19 65
854 4 2 100 100 64 58 169 11
855 4 2 100 100 82 70 23 72
856 4 2 100 100 71 135 107 8
857 4 2 100 100 72 82 160 6
858 4 2 100 100 117 15 58 14
859 4 2 100 100 2 64 81 158
860 4 2 100 100 105 4 134 63
861 4 2 100 100 64 62 13 81
862 4 2 100 100 61 1 159 9
863 4 2 100 100 5 132 69 28
864 4 2 100 100 70 23 7 79
865 4 2 100 100 106 62 3 14
866 4 2 100 100 78 39 38 164
867 4 2 100 100 71 65 26 118
868 4 2 100 100 161 5 35 132
869 4 2 100 100 108 70 24 7
870 4 2 100 100 80 106 3 43
871 4 2 100 100 52 53 111 131
872 4 2 100 100 62 80 3 13
873 4 2 100 100 71 69 135 28
874 4 2 100 100 29 1 159 133
875 4 2 100 100 64 12 169 158
876 4 2 100 100 105 17 63 116
877 4 2 100 100 1 61 133 18
878 4 2 100 100 49 108 7 79
879 4 2 100 100 161 19 5 69
880 4 2 100 100 160 72 22 171
881 4 2 100 100 107 71 27 118
882 4 2 100 100 107 71 8 27
883 4 2 100 100 160 72 6 22
884 4 2 100 100 4 105 17 63
885 4 2 100 100 2 12 64 158
886 4 2 100 100 82 160 6 42
887 4 2 100 100 105 4 50 134
888 4 2 100 100 135 56 107 8
889 4 2 100 100 81 2 158 36
890 4 2 100 100 67 150 20 21
891 4 2 100 100 57 9 170 10
892 4 2 100 100 134 4 18 63
893 4 2 100 100 2 64 13 81
894 4 2 100 100 23 82 72 6
895 4 2 100 100 135 71 28 8
896 4 2 100 100 119 25 24 66
897 4 2 100 100 26 68 25 97
898 4 2 100 100 16 59 96 15
899 4 2 100 100 149 10 11 60
$EndElements
