$Elements
752
1 2 2 10 1 14 15 57
2 2 2 10 1 14 57 56
3 2 2 10 1 13 14 56
4 2 2 10 1 15 16 55
5 2 2 10 1 15 55 57
6 2 2 10 1 4 53 16
7 2 2 10 1 16 53 55
8 2 2 10 1 2 3 54
9 2 2 10 1 2 54 12
10 2 2 10 1 3 13 54
11 2 2 10 1 1 53 4
12 2 2 10 1 1 9 53
13 2 2 10 1 9 55 53
14 2 2 10 1 12 54 56
15 2 2 10 1 13 56 54
16 2 2 10 1 10 57 55
17 2 2 10 1 9 10 55
18 2 2 10 1 11 56 57
19 2 2 10 1 11 12 56
20 2 2 10 1 10 11 57
21 2 2 20 2 62 19 18
22 2 2 20 2 60 62 18
23 2 2 20 2 62 61 19
24 2 2 20 2 62 23 22
25 2 2 20 2 61 62 22
26 2 2 20 2 62 60 23
27 2 2 20 2 60 18 17
28 2 2 20 2 58 17 5
29 2 2 20 2 58 60 17
30 2 2 20 2 61 20 19
31 2 2 20 2 20 59 6
32 2 2 20 2 61 59 20
33 2 2 20 2 61 22 21
34 2 2 20 2 59 21 7
35 2 2 20 2 59 61 21
36 2 2 20 2 60 24 23
37 2 2 20 2 24 58 8
38 2 2 20 2 60 58 24
39 2 2 20 2 8 58 5
40 2 2 20 2 59 7 6
41 2 2 30 3 35 63 66
42 2 2 30 3 42 66 63
43 2 2 30 3 36 68 63
44 2 2 30 3 43 63 68
45 2 2 30 3 35 36 63
46 2 2 30 3 42 63 43
47 2 2 30 3 32 67 64
48 2 2 30 3 39 64 67
49 2 2 30 3 2 32 64
50 2 2 30 3 2 64 3
51 2 2 30 3 3 64 39
52 2 2 30 3 34 66 65
53 2 2 30 3 41 65 66
54 2 2 30 3 33 65 67
55 2 2 30 3 40 67 65
56 2 2 30 3 33 34 65
57 2 2 30 3 40 65 41
58 2 2 30 3 34 35 66
59 2 2 30 3 41 66 42
60 2 2 30 3 32 33 67
61 2 2 30 3 39 67 40
62 2 2 30 3 37 70 68
63 2 2 30 3 44 68 70
64 2 2 30 3 36 37 68
65 2 2 30 3 43 68 44
66 2 2 30 3 38 69 70
67 2 2 30 3 45 70 69
68 2 2 30 3 6 69 38
69 2 2 30 3 6 7 69
70 2 2 30 3 7 45 69
71 2 2 30 3 37 38 70
72 2 2 30 3 44 70 45
73 2 2 40 4 110 90 78
74 2 2 40 4 95 110 78
75 2 2 40 4 90 110 51
76 2 2 40 4 110 95 52
77 2 2 40 4 110 52 51
78 2 2 40 4 111 113 72
79 2 2 40 4 113 111 83
80 2 2 40 4 87 111 72
81 2 2 40 4 111 87 79
82 2 2 40 4 108 111 79
83 2 2 40 4 111 108 83
84 2 2 40 4 112 101 71
85 2 2 40 4 102 112 71
86 2 2 40 4 97 112 75
87 2 2 40 4 112 102 75
88 2 2 40 4 112 97 82
89 2 2 40 4 101 112 82
90 2 2 40 4 113 103 72
91 2 2 40 4 85 113 77
92 2 2 40 4 98 77 113
93 2 2 40 4 98 113 83
94 2 2 40 4 85 103 113
95 2 2 40 4 88 80 71
96 2 2 40 4 80 89 71
97 2 2 40 4 101 88 71
98 2 2 40 4 89 102 71
99 2 2 40 4 81 87 72
100 2 2 40 4 90 81 72
101 2 2 40 4 103 90 72
102 2 2 40 4 80 88 73
103 2 2 40 4 99 80 73
104 2 2 40 4 81 86 73
105 2 2 40 4 87 81 73
106 2 2 40 4 86 99 73
107 2 2 40 4 92 87 73
108 2 2 40 4 88 92 73
109 2 2 40 4 92 88 74
110 2 2 40 4 88 101 74
111 2 2 40 4 91 92 74
112 2 2 40 4 100 91 74
113 2 2 40 4 101 100 74
114 2 2 40 4 102 84 75
115 2 2 40 4 84 105 75
116 2 2 40 4 94 97 75
117 2 2 40 4 105 94 75
118 2 2 40 4 84 102 76
119 2 2 40 4 104 84 76
120 2 2 40 4 102 89 76
121 2 2 40 4 89 109 76
122 2 2 40 4 93 104 76
123 2 2 40 4 109 93 76
124 2 2 40 4 107 85 77
125 2 2 40 4 98 96 77
126 2 2 40 4 96 107 77
127 2 2 40 4 103 85 78
128 2 2 40 4 85 106 78
129 2 2 40 4 90 103 78
130 2 2 40 4 106 95 78
131 2 2 40 4 87 92 79
132 2 2 40 4 92 91 79
133 2 2 40 4 91 108 79
134 2 2 40 4 89 80 48
135 2 2 40 4 80 99 48
136 2 2 40 4 86 81 50
137 2 2 40 4 81 90 50
138 2 2 40 4 82 97 40
139 2 2 40 4 100 101 82
140 2 2 40 4 100 82 40
141 2 2 40 4 98 83 44
142 2 2 40 4 83 108 44
143 2 2 40 4 84 104 15
144 2 2 40 4 105 84 14
145 2 2 40 4 84 15 14
146 2 2 40 4 106 85 23
147 2 2 40 4 85 107 22
148 2 2 40 4 23 85 22
149 2 2 40 4 99 86 49
150 2 2 40 4 86 50 49
151 2 2 40 4 109 89 47
152 2 2 40 4 89 48 47
153 2 2 40 4 90 51 50
154 2 2 40 4 91 100 42
155 2 2 40 4 108 91 43
156 2 2 40 4 43 91 42
157 2 2 40 4 104 93 16
158 2 2 40 4 93 109 46
159 2 2 40 4 16 93 4
160 2 2 40 4 93 46 4
161 2 2 40 4 97 94 39
162 2 2 40 4 94 105 13
163 2 2 40 4 39 94 3
164 2 2 40 4 94 13 3
165 2 2 40 4 95 106 24
166 2 2 40 4 95 24 8
167 2 2 40 4 52 95 8
168 2 2 40 4 96 98 45
169 2 2 40 4 107 96 21
170 2 2 40 4 21 96 7
171 2 2 40 4 96 45 7
172 2 2 40 4 40 97 39
173 2 2 40 4 45 98 44
174 2 2 40 4 99 49 48
175 2 2 40 4 41 100 40
176 2 2 40 4 42 100 41
177 2 2 40 4 104 16 15
178 2 2 40 4 105 14 13
179 2 2 40 4 24 106 23
180 2 2 40 4 22 107 21
181 2 2 40 4 44 108 43
182 2 2 40 4 109 47 46
183 2 2 50 5 117 114 28
184 2 2 50 5 114 117 49
185 2 2 50 5 114 119 29
186 2 2 50 5 119 114 50
187 2 2 50 5 114 29 28
188 2 2 50 5 50 114 49
189 2 2 50 5 115 118 25
190 2 2 50 5 118 115 46
191 2 2 50 5 115 25 1
192 2 2 50 5 4 115 1
193 2 2 50 5 46 115 4
194 2 2 50 5 116 117 27
195 2 2 50 5 117 116 48
196 2 2 50 5 118 116 26
197 2 2 50 5 116 118 47
198 2 2 50 5 116 27 26
199 2 2 50 5 48 116 47
200 2 2 50 5 117 28 27
201 2 2 50 5 49 117 48
202 2 2 50 5 118 26 25
203 2 2 50 5 47 118 46
204 2 2 50 5 119 121 30
205 2 2 50 5 121 119 51
206 2 2 50 5 119 30 29
207 2 2 50 5 51 119 50
208 2 2 50 5 121 120 31
209 2 2 50 5 120 121 52
210 2 2 50 5 31 120 5
211 2 2 50 5 120 8 5
212 2 2 50 5 120 52 8
213 2 2 50 5 121 31 30
214 2 2 50 5 52 121 51
215 2 2 60 6 139 131 122
216 2 2 60 6 131 140 122
217 2 2 60 6 152 139 122
218 2 2 60 6 140 153 122
219 2 2 60 6 163 152 122
220 2 2 60 6 153 163 122
221 2 2 60 6 132 138 123
222 2 2 60 6 141 132 123
223 2 2 60 6 138 162 123
224 2 2 60 6 154 141 123
225 2 2 60 6 164 154 123
226 2 2 60 6 162 164 123
227 2 2 60 6 131 139 124
228 2 2 60 6 150 131 124
229 2 2 60 6 132 137 124
230 2 2 60 6 138 132 124
231 2 2 60 6 137 150 124
232 2 2 60 6 143 138 124
233 2 2 60 6 139 143 124
234 2 2 60 6 143 139 125
235 2 2 60 6 139 152 125
236 2 2 60 6 142 143 125
237 2 2 60 6 151 142 125
238 2 2 60 6 152 151 125
239 2 2 60 6 153 135 126
240 2 2 60 6 135 156 126
241 2 2 60 6 145 148 126
242 2 2 60 6 156 145 126
243 2 2 60 6 148 163 126
244 2 2 60 6 163 153 126
245 2 2 60 6 135 153 127
246 2 2 60 6 155 135 127
247 2 2 60 6 153 140 127
248 2 2 60 6 140 160 127
249 2 2 60 6 144 155 127
250 2 2 60 6 160 144 127
251 2 2 60 6 158 136 128
252 2 2 60 6 136 164 128
253 2 2 60 6 149 147 128
254 2 2 60 6 147 158 128
255 2 2 60 6 149 128 164
256 2 2 60 6 154 136 129
257 2 2 60 6 136 157 129
258 2 2 60 6 141 154 129
259 2 2 60 6 161 141 129
260 2 2 60 6 157 146 129
261 2 2 60 6 146 161 129
262 2 2 60 6 138 143 130
263 2 2 60 6 162 138 130
264 2 2 60 6 143 142 130
265 2 2 60 6 142 159 130
266 2 2 60 6 159 162 130
267 2 2 60 6 140 131 34
268 2 2 60 6 131 150 34
269 2 2 60 6 137 132 36
270 2 2 60 6 132 141 36
271 2 2 60 6 133 148 26
272 2 2 60 6 163 148 133
273 2 2 60 6 151 152 133
274 2 2 60 6 151 133 26
275 2 2 60 6 152 163 133
276 2 2 60 6 149 134 30
277 2 2 60 6 149 164 134
278 2 2 60 6 134 159 30
279 2 2 60 6 162 159 134
280 2 2 60 6 164 162 134
281 2 2 60 6 135 155 11
282 2 2 60 6 156 135 10
283 2 2 60 6 135 11 10
284 2 2 60 6 136 154 164
285 2 2 60 6 157 136 19
286 2 2 60 6 19 136 18
287 2 2 60 6 136 158 18
288 2 2 60 6 150 137 35
289 2 2 60 6 137 36 35
290 2 2 60 6 140 34 33
291 2 2 60 6 160 140 33
292 2 2 60 6 141 37 36
293 2 2 60 6 141 161 37
294 2 2 60 6 142 151 28
295 2 2 60 6 29 142 28
296 2 2 60 6 159 142 29
297 2 2 60 6 155 144 12
298 2 2 60 6 144 32 2
299 2 2 60 6 144 160 32
300 2 2 60 6 12 144 2
301 2 2 60 6 148 145 25
302 2 2 60 6 145 156 9
303 2 2 60 6 25 145 1
304 2 2 60 6 145 9 1
305 2 2 60 6 146 157 20
306 2 2 60 6 146 20 6
307 2 2 60 6 38 146 6
308 2 2 60 6 161 146 38
309 2 2 60 6 147 149 31
310 2 2 60 6 17 147 5
311 2 2 60 6 158 147 17
312 2 2 60 6 147 31 5
313 2 2 60 6 26 148 25
314 2 2 60 6 31 149 30
315 2 2 60 6 150 35 34
316 2 2 60 6 27 151 26
317 2 2 60 6 28 151 27
318 2 2 60 6 155 12 11
319 2 2 60 6 156 10 9
320 2 2 60 6 20 157 19
321 2 2 60 6 18 158 17
322 2 2 60 6 30 159 29
323 2 2 60 6 160 33 32
324 2 2 60 6 161 38 37
325 4 2 100 100 156 55 57 104
326 4 2 100 100 57 105 56 155
327 4 2 100 100 61 107 62 157
328 4 2 100 100 158 60 106 62
329 4 2 100 100 57 105 155 135
330 4 2 100 100 57 156 104 84
331 4 2 100 100 105 75 155 135
332 4 2 100 100 156 126 104 84
333 4 2 100 100 128 136 158 106
334 4 2 100 100 107 77 85 157
335 4 2 100 100 88 143 92 139
336 4 2 100 100 130 87 138 162
337 4 2 100 100 87 138 111 79
338 4 2 100 100 98 146 161 129
339 4 2 100 100 110 149 95 78
340 4 2 100 100 107 85 62 157
341 4 2 100 100 136 158 106 62
342 4 2 100 100 87 130 143 73
343 4 2 100 100 92 138 79 124
344 4 2 100 100 138 87 92 79
345 4 2 100 100 87 130 138 143
346 4 2 100 100 56 57 155 11
347 4 2 100 100 55 57 104 15
348 4 2 100 100 77 107 96 157
349 4 2 100 100 128 158 147 106
350 4 2 100 100 75 127 155 135
351 4 2 100 100 104 126 76 84
352 4 2 100 100 96 98 146 161
353 4 2 100 100 149 147 110 95
354 4 2 100 100 127 97 94 160
355 4 2 100 100 145 148 109 76
356 4 2 100 100 136 128 78 106
357 4 2 100 100 77 85 157 129
358 4 2 100 100 127 94 144 160
359 4 2 100 100 145 109 93 76
360 4 2 100 100 156 145 104 76
361 4 2 100 100 105 127 94 155
362 4 2 100 100 148 126 163 76
363 4 2 100 100 97 75 112 127
364 4 2 100 100 70 96 146 161
365 4 2 100 100 147 121 110 95
366 4 2 100 100 138 87 143 92
367 4 2 100 100 143 92 139 124
368 4 2 100 100 88 143 73 92
369 4 2 100 100 57 156 84 135
370 4 2 100 100 57 84 105 135
371 4 2 100 100 104 57 84 15
372 4 2 100 100 155 57 135 11
373 4 2 100 100 156 126 84 135
374 4 2 100 100 84 75 105 135
375 4 2 100 100 98 96 70 161
376 4 2 100 100 149 147 121 110
377 4 2 100 100 74 88 92 124
378 4 2 100 100 125 143 73 139
379 4 2 100 100 88 152 125 139
380 4 2 100 100 88 74 101 139
381 4 2 100 100 130 87 162 81
382 4 2 100 100 138 132 111 79
383 4 2 100 100 94 67 144 160
384 4 2 100 100 118 145 109 93
385 4 2 100 100 164 128 149 78
386 4 2 100 100 113 77 98 129
387 4 2 100 100 107 22 61 62
388 4 2 100 100 158 18 60 62
389 4 2 100 100 98 77 96 129
390 4 2 100 100 128 147 149 78
391 4 2 100 100 88 74 139 124
392 4 2 100 100 88 125 73 139
393 4 2 100 100 96 107 61 157
394 4 2 100 100 147 158 60 106
395 4 2 100 100 96 77 157 129
396 4 2 100 100 128 147 78 106
397 4 2 100 100 145 55 156 104
398 4 2 100 100 56 105 94 155
399 4 2 100 100 83 44 68 70
400 4 2 100 100 30 134 121 119
401 4 2 100 100 98 96 146 129
402 4 2 100 100 149 147 95 78
403 4 2 100 100 163 152 133 89
404 4 2 100 100 112 101 82 140
405 4 2 100 100 145 148 118 109
406 4 2 100 100 94 97 67 160
407 4 2 100 100 127 94 155 144
408 4 2 100 100 145 93 104 76
409 4 2 100 100 130 87 81 73
410 4 2 100 100 138 132 79 124
411 4 2 100 100 136 128 103 78
412 4 2 100 100 85 77 154 129
413 4 2 100 100 152 88 125 80
414 4 2 100 100 74 131 101 139
415 4 2 100 100 92 88 139 124
416 4 2 100 100 143 88 73 139
417 4 2 100 100 143 138 92 124
418 4 2 100 100 143 87 73 92
419 4 2 100 100 146 96 157 129
420 4 2 100 100 147 95 78 106
421 4 2 100 100 38 70 146 161
422 4 2 100 100 121 52 110 95
423 4 2 100 100 46 118 109 93
424 4 2 100 100 67 144 160 32
425 4 2 100 100 94 56 155 144
426 4 2 100 100 55 145 93 104
427 4 2 100 100 87 138 123 111
428 4 2 100 100 87 138 162 72
429 4 2 100 100 61 62 19 157
430 4 2 100 100 60 23 106 62
431 4 2 100 100 14 57 105 56
432 4 2 100 100 55 10 156 57
433 4 2 100 100 125 142 99 73
434 4 2 100 100 74 91 150 124
435 4 2 100 100 59 96 61 146
436 4 2 100 100 58 147 60 95
437 4 2 100 100 163 152 89 71
438 4 2 100 100 112 101 140 122
439 4 2 100 100 148 163 89 76
440 4 2 100 100 112 97 127 140
441 4 2 100 100 126 156 104 76
442 4 2 100 100 75 127 105 155
443 4 2 100 100 153 75 84 135
444 4 2 100 100 126 102 84 135
445 4 2 100 100 78 136 106 85
446 4 2 100 100 85 136 157 129
447 4 2 100 100 147 60 95 106
448 4 2 100 100 96 61 146 157
449 4 2 100 100 85 136 62 157
450 4 2 100 100 136 106 85 62
451 4 2 100 100 127 75 105 94
452 4 2 100 100 126 145 156 76
453 4 2 100 100 121 149 110 90
454 4 2 100 100 70 98 161 141
455 4 2 100 100 53 55 145 93
456 4 2 100 100 54 56 94 144
457 4 2 100 100 121 147 120 95
458 4 2 100 100 96 69 70 146
459 4 2 100 100 91 79 137 124
460 4 2 100 100 142 130 86 73
461 4 2 100 100 152 88 71 139
462 4 2 100 100 101 88 139 122
463 4 2 100 100 40 97 82 67
464 4 2 100 100 148 26 118 133
465 4 2 100 100 134 121 119 90
466 4 2 100 100 68 83 70 141
467 4 2 100 100 44 83 98 70
468 4 2 100 100 30 134 149 121
469 4 2 100 100 130 81 86 73
470 4 2 100 100 79 132 137 124
471 4 2 100 100 118 148 133 89
472 4 2 100 100 82 97 140 67
473 4 2 100 100 118 145 93 115
474 4 2 100 100 94 67 64 144
475 4 2 100 100 97 140 67 160
476 4 2 100 100 118 148 89 109
477 4 2 100 100 87 123 72 111
478 4 2 100 100 138 123 162 72
479 4 2 100 100 63 66 137 35
480 4 2 100 100 114 117 86 49
481 4 2 100 100 108 91 79 137
482 4 2 100 100 142 130 159 86
483 4 2 100 100 121 120 52 95
484 4 2 100 100 69 38 70 146
485 4 2 100 100 46 118 93 115
486 4 2 100 100 67 64 144 32
487 4 2 100 100 148 145 126 76
488 4 2 100 100 97 75 127 94
489 4 2 100 100 91 92 79 124
490 4 2 100 100 130 142 143 73
491 4 2 100 100 134 149 121 90
492 4 2 100 100 83 98 70 141
493 4 2 100 100 69 45 96 70
494 4 2 100 100 147 31 121 120
495 4 2 100 100 71 88 101 122
496 4 2 100 100 71 152 139 122
497 4 2 100 100 88 125 80 73
498 4 2 100 100 74 131 139 124
499 4 2 100 100 57 84 14 105
500 4 2 100 100 10 156 57 135
501 4 2 100 100 132 108 79 137
502 4 2 100 100 159 130 81 86
503 4 2 100 100 153 163 71 122
504 4 2 100 100 112 102 71 122
505 4 2 100 100 119 121 51 90
506 4 2 100 100 68 70 37 141
507 4 2 100 100 126 102 76 84
508 4 2 100 100 127 75 153 135
509 4 2 100 100 25 145 118 115
510 4 2 100 100 39 94 67 64
511 4 2 100 100 162 87 72 81
512 4 2 100 100 138 132 123 111
513 4 2 100 100 59 61 20 146
514 4 2 100 100 58 60 24 95
515 4 2 100 100 55 53 16 93
516 4 2 100 100 54 56 144 12
517 4 2 100 100 121 110 51 90
518 4 2 100 100 70 161 37 141
519 4 2 100 100 116 133 151 89
520 4 2 100 100 100 82 140 65
521 4 2 100 100 66 91 63 137
522 4 2 100 100 117 142 114 86
523 4 2 100 100 91 74 92 124
524 4 2 100 100 142 125 143 73
525 4 2 100 100 77 113 85 154
526 4 2 100 100 136 128 164 103
527 4 2 100 100 97 112 82 140
528 4 2 100 100 148 163 133 89
529 4 2 100 100 136 18 158 62
530 4 2 100 100 22 107 85 62
531 4 2 100 100 114 159 50 86
532 4 2 100 100 108 63 137 36
533 4 2 100 100 97 127 140 160
534 4 2 100 100 148 89 109 76
535 4 2 100 100 138 87 123 72
536 4 2 100 100 136 85 154 129
537 4 2 100 100 103 136 78 85
538 4 2 100 100 142 86 99 73
539 4 2 100 100 91 137 150 124
540 4 2 100 100 88 71 139 122
541 4 2 100 100 140 65 67 33
542 4 2 100 100 116 118 89 47
543 4 2 100 100 147 17 58 60
544 4 2 100 100 96 21 59 61
545 4 2 100 100 153 163 102 71
546 4 2 100 100 112 153 102 122
547 4 2 100 100 125 99 80 73
548 4 2 100 100 131 74 150 124
549 4 2 100 100 110 149 78 90
550 4 2 100 100 161 98 129 141
551 4 2 100 100 123 103 72 154
552 4 2 100 100 153 75 102 84
553 4 2 100 100 126 153 102 135
554 4 2 100 100 54 56 13 94
555 4 2 100 100 55 53 145 9
556 4 2 100 100 163 126 102 76
557 4 2 100 100 75 112 127 153
558 4 2 100 100 131 101 139 122
559 4 2 100 100 88 152 71 80
560 4 2 100 100 152 133 89 80
561 4 2 100 100 101 131 82 140
562 4 2 100 100 102 153 84 135
563 4 2 100 100 123 72 113 154
564 4 2 100 100 164 123 103 72
565 4 2 100 100 62 136 19 157
566 4 2 100 100 106 23 85 62
567 4 2 100 100 100 74 91 150
568 4 2 100 100 151 125 142 99
569 4 2 100 100 72 103 113 154
570 4 2 100 100 123 164 103 154
571 4 2 100 100 89 163 102 76
572 4 2 100 100 112 127 153 140
573 4 2 100 100 66 91 137 150
574 4 2 100 100 117 142 86 99
575 4 2 100 100 112 71 101 122
576 4 2 100 100 163 152 71 122
577 4 2 100 100 67 140 33 160
578 4 2 100 100 89 118 109 47
579 4 2 100 100 159 134 119 90
580 4 2 100 100 108 83 68 141
581 4 2 100 100 101 131 140 122
582 4 2 100 100 152 89 71 80
583 4 2 100 100 134 159 162 81
584 4 2 100 100 132 108 83 111
585 4 2 100 100 16 55 93 104
586 4 2 100 100 56 155 144 12
587 4 2 100 100 66 100 91 150
588 4 2 100 100 117 151 142 99
589 4 2 100 100 149 164 78 90
590 4 2 100 100 98 113 129 141
591 4 2 100 100 40 82 140 67
592 4 2 100 100 26 118 133 89
593 4 2 100 100 91 108 63 137
594 4 2 100 100 142 159 114 86
595 4 2 100 100 82 40 140 65
596 4 2 100 100 116 26 133 89
597 4 2 100 100 164 162 72 90
598 4 2 100 100 111 123 113 141
599 4 2 100 100 66 137 35 150
600 4 2 100 100 86 117 99 49
601 4 2 100 100 40 140 65 67
602 4 2 100 100 118 26 116 89
603 4 2 100 100 45 98 96 70
604 4 2 100 100 149 147 31 121
605 4 2 100 100 77 113 154 129
606 4 2 100 100 128 164 103 78
607 4 2 100 100 159 119 81 90
608 4 2 100 100 132 108 68 141
609 4 2 100 100 134 162 164 90
610 4 2 100 100 83 111 113 141
611 4 2 100 100 153 112 140 122
612 4 2 100 100 163 89 102 71
613 4 2 100 100 164 136 103 154
614 4 2 100 100 113 103 85 154
615 4 2 100 100 42 66 91 63
616 4 2 100 100 28 117 142 114
617 4 2 100 100 134 164 149 90
618 4 2 100 100 83 113 98 141
619 4 2 100 100 102 153 71 122
620 4 2 100 100 119 159 81 50
621 4 2 100 100 108 132 68 36
622 4 2 100 100 162 134 81 90
623 4 2 100 100 83 132 111 141
624 4 2 100 100 132 108 137 36
625 4 2 100 100 159 81 50 86
626 4 2 100 100 131 100 140 65
627 4 2 100 100 151 116 89 80
628 4 2 100 100 107 21 96 61
629 4 2 100 100 147 158 17 60
630 4 2 100 100 132 123 111 141
631 4 2 100 100 72 162 81 90
632 4 2 100 100 162 123 164 72
633 4 2 100 100 123 72 111 113
634 4 2 100 100 94 97 39 67
635 4 2 100 100 148 25 145 118
636 4 2 100 100 133 151 89 80
637 4 2 100 100 131 100 82 140
638 4 2 100 100 61 20 146 157
639 4 2 100 100 60 24 95 106
640 4 2 100 100 101 131 100 82
641 4 2 100 100 133 152 151 80
642 4 2 100 100 126 153 163 102
643 4 2 100 100 75 112 153 102
644 4 2 100 100 100 131 34 65
645 4 2 100 100 116 151 48 80
646 4 2 100 100 56 105 13 94
647 4 2 100 100 145 55 9 156
648 4 2 100 100 131 74 100 150
649 4 2 100 100 151 125 99 80
650 4 2 100 100 132 108 111 79
651 4 2 100 100 159 130 162 81
652 4 2 100 100 117 116 27 151
653 4 2 100 100 100 66 41 65
654 4 2 100 100 164 103 78 90
655 4 2 100 100 113 154 129 141
656 4 2 100 100 69 96 59 146
657 4 2 100 100 147 58 120 95
658 4 2 100 100 145 53 93 115
659 4 2 100 100 54 94 64 144
660 4 2 100 100 134 159 81 90
661 4 2 100 100 108 132 83 141
662 4 2 100 100 103 136 85 154
663 4 2 100 100 103 164 72 90
664 4 2 100 100 113 123 154 141
665 4 2 100 100 81 119 50 90
666 4 2 100 100 68 132 141 36
667 4 2 100 100 100 131 150 34
668 4 2 100 100 48 151 99 80
669 4 2 100 100 131 140 34 65
670 4 2 100 100 116 48 89 80
671 4 2 100 100 108 43 63 68
672 4 2 100 100 29 159 119 114
673 4 2 100 100 131 74 101 100
674 4 2 100 100 152 125 151 80
675 4 2 100 100 50 119 51 90
676 4 2 100 100 37 68 141 36
677 4 2 100 100 159 119 114 50
678 4 2 100 100 63 108 68 36
679 4 2 100 100 66 100 150 34
680 4 2 100 100 151 117 48 99
681 4 2 100 100 140 34 65 33
682 4 2 100 100 48 116 89 47
683 4 2 100 100 66 100 42 91
684 4 2 100 100 117 151 28 142
685 4 2 100 100 53 145 9 1
686 4 2 100 100 13 54 94 3
687 4 2 100 100 66 100 34 65
688 4 2 100 100 117 116 151 48
689 4 2 100 100 100 40 82 65
690 4 2 100 100 26 116 133 151
691 4 2 100 100 27 117 151 28
692 4 2 100 100 100 66 42 41
693 4 2 100 100 40 100 41 65
694 4 2 100 100 116 26 27 151
695 4 2 100 100 147 17 5 58
696 4 2 100 100 21 7 96 59
697 4 2 100 100 53 145 1 115
698 4 2 100 100 54 94 3 64
699 4 2 100 100 59 20 6 146
700 4 2 100 100 24 58 95 8
701 4 2 100 100 144 54 12 2
702 4 2 100 100 53 16 93 4
703 4 2 100 100 134 30 159 119
704 4 2 100 100 44 108 83 68
705 4 2 100 100 136 18 62 19
706 4 2 100 100 23 22 85 62
707 4 2 100 100 57 10 135 11
708 4 2 100 100 57 84 15 14
709 4 2 100 100 7 69 96 59
710 4 2 100 100 5 147 58 120
711 4 2 100 100 145 25 1 115
712 4 2 100 100 94 39 3 64
713 4 2 100 100 64 54 144 2
714 4 2 100 100 93 53 4 115
715 4 2 100 100 69 59 6 146
716 4 2 100 100 58 120 95 8
717 4 2 100 100 108 43 91 63
718 4 2 100 100 29 142 159 114
719 4 2 100 100 7 69 45 96
720 4 2 100 100 31 147 5 120
721 4 2 100 100 46 93 4 115
722 4 2 100 100 144 64 2 32
723 4 2 100 100 38 69 6 146
724 4 2 100 100 120 52 95 8
725 4 2 100 100 7 69 59 6
726 4 2 100 100 58 5 120 8
727 4 2 100 100 3 54 64 2
728 4 2 100 100 53 1 4 115
729 4 2 100 100 38 70 161 37
730 4 2 100 100 52 121 110 51
731 4 2 100 100 118 46 109 47
732 4 2 100 100 33 67 160 32
733 4 2 100 100 43 42 91 63
734 4 2 100 100 28 142 29 114
735 4 2 100 100 155 56 11 12
736 4 2 100 100 16 55 104 15
737 4 2 100 100 44 98 45 70
738 4 2 100 100 30 149 31 121
739 4 2 100 100 30 29 159 119
740 4 2 100 100 44 43 108 68
741 4 2 100 100 105 14 56 13
742 4 2 100 100 9 55 10 156
743 4 2 100 100 39 97 40 67
744 4 2 100 100 25 148 26 118
745 4 2 100 100 63 137 36 35
746 4 2 100 100 50 114 86 49
747 4 2 100 100 158 18 17 60
748 4 2 100 100 107 22 21 61
749 4 2 100 100 20 61 19 157
750 4 2 100 100 24 60 23 106
751 4 2 100 100 35 66 150 34
752 4 2 100 100 117 48 99 49
$EndElements