$Elements
768
1 2 2 10 1 10 55 9
2 2 2 10 1 16 54 9
3 2 2 10 1 55 16 9
4 2 2 10 1 9 54 1
5 2 2 10 1 11 57 10
6 2 2 10 1 15 55 10
7 2 2 10 1 57 15 10
8 2 2 10 1 12 56 11
9 2 2 10 1 56 14 11
10 2 2 10 1 14 57 11
11 2 2 10 1 53 13 12
12 2 2 10 1 13 56 12
13 2 2 10 1 53 12 2
14 2 2 10 1 14 56 13
15 2 2 10 1 13 53 3
16 2 2 10 1 15 57 14
17 2 2 10 1 16 55 15
18 2 2 10 1 54 16 4
19 2 2 10 1 3 53 2
20 2 2 10 1 54 4 1
21 2 2 20 2 60 18 17
22 2 2 20 2 58 24 17
23 2 2 20 2 24 60 17
24 2 2 20 2 58 17 5
25 2 2 20 2 62 19 18
26 2 2 20 2 60 23 18
27 2 2 20 2 23 62 18
28 2 2 20 2 61 20 19
29 2 2 20 2 22 61 19
30 2 2 20 2 62 22 19
31 2 2 20 2 21 59 20
32 2 2 20 2 61 21 20
33 2 2 20 2 20 59 6
34 2 2 20 2 61 22 21
35 2 2 20 2 59 21 7
36 2 2 20 2 62 23 22
37 2 2 20 2 60 24 23
38 2 2 20 2 24 58 8
39 2 2 20 2 8 58 5
40 2 2 20 2 59 7 6
41 2 2 30 3 33 69 32
42 2 2 30 3 39 67 32
43 2 2 30 3 69 39 32
44 2 2 30 3 32 67 2
45 2 2 30 3 34 68 33
46 2 2 30 3 68 40 33
47 2 2 30 3 40 69 33
48 2 2 30 3 35 70 34
49 2 2 30 3 41 68 34
50 2 2 30 3 70 41 34
51 2 2 30 3 36 63 35
52 2 2 30 3 63 42 35
53 2 2 30 3 42 70 35
54 2 2 30 3 37 64 36
55 2 2 30 3 43 63 36
56 2 2 30 3 64 43 36
57 2 2 30 3 38 66 37
58 2 2 30 3 44 64 37
59 2 2 30 3 66 44 37
60 2 2 30 3 65 38 6
61 2 2 30 3 65 45 38
62 2 2 30 3 45 66 38
63 2 2 30 3 67 39 3
64 2 2 30 3 69 40 39
65 2 2 30 3 67 3 2
66 2 2 30 3 7 65 6
67 2 2 30 3 45 65 7
68 2 2 30 3 68 41 40
69 2 2 30 3 70 42 41
70 2 2 30 3 63 43 42
71 2 2 30 3 64 44 43
72 2 2 30 3 66 45 44
73 2 2 40 4 105 14 13
74 2 2 40 4 94 13 3
75 2 2 40 4 94 105 13
76 2 2 40 4 84 15 14
77 2 2 40 4 105 84 14
78 2 2 40 4 104 16 15
79 2 2 40 4 84 104 15
80 2 2 40 4 16 93 4
81 2 2 40 4 104 93 16
82 2 2 40 4 22 107 21
83 2 2 40 4 21 96 7
84 2 2 40 4 107 96 21
85 2 2 40 4 23 85 22
86 2 2 40 4 85 107 22
87 2 2 40 4 24 106 23
88 2 2 40 4 106 85 23
89 2 2 40 4 95 24 8
90 2 2 40 4 95 106 24
91 2 2 40 4 39 94 3
92 2 2 40 4 40 97 39
93 2 2 40 4 97 94 39
94 2 2 40 4 52 95 8
95 2 2 40 4 96 45 7
96 2 2 40 4 93 46 4
97 2 2 40 4 41 100 40
98 2 2 40 4 82 97 40
99 2 2 40 4 100 82 40
100 2 2 40 4 42 100 41
101 2 2 40 4 43 91 42
102 2 2 40 4 91 100 42
103 2 2 40 4 44 108 43
104 2 2 40 4 108 91 43
105 2 2 40 4 45 98 44
106 2 2 40 4 98 83 44
107 2 2 40 4 83 108 44
108 2 2 40 4 96 98 45
109 2 2 40 4 109 47 46
110 2 2 40 4 93 109 46
111 2 2 40 4 89 48 47
112 2 2 40 4 109 89 47
113 2 2 40 4 99 49 48
114 2 2 40 4 89 80 48
115 2 2 40 4 80 99 48
116 2 2 40 4 86 50 49
117 2 2 40 4 99 86 49
118 2 2 40 4 90 51 50
119 2 2 40 4 86 81 50
120 2 2 40 4 81 90 50
121 2 2 40 4 110 52 51
122 2 2 40 4 90 110 51
123 2 2 40 4 110 95 52
124 2 2 40 4 88 80 71
125 2 2 40 4 80 89 71
126 2 2 40 4 101 88 71
127 2 2 40 4 89 102 71
128 2 2 40 4 112 101 71
129 2 2 40 4 102 112 71
130 2 2 40 4 81 87 72
131 2 2 40 4 90 81 72
132 2 2 40 4 87 111 72
133 2 2 40 4 103 90 72
134 2 2 40 4 113 103 72
135 2 2 40 4 111 113 72
136 2 2 40 4 80 88 73
137 2 2 40 4 99 80 73
138 2 2 40 4 81 86 73
139 2 2 40 4 87 81 73
140 2 2 40 4 86 99 73
141 2 2 40 4 92 87 73
142 2 2 40 4 88 92 73
143 2 2 40 4 92 88 74
144 2 2 40 4 88 101 74
145 2 2 40 4 91 92 74
146 2 2 40 4 100 91 74
147 2 2 40 4 101 100 74
148 2 2 40 4 102 84 75
149 2 2 40 4 84 105 75
150 2 2 40 4 94 97 75
151 2 2 40 4 105 94 75
152 2 2 40 4 97 112 75
153 2 2 40 4 112 102 75
154 2 2 40 4 84 102 76
155 2 2 40 4 104 84 76
156 2 2 40 4 102 89 76
157 2 2 40 4 89 109 76
158 2 2 40 4 93 104 76
159 2 2 40 4 109 93 76
160 2 2 40 4 107 85 77
161 2 2 40 4 85 113 77
162 2 2 40 4 98 96 77
163 2 2 40 4 96 107 77
164 2 2 40 4 98 77 113
165 2 2 40 4 103 85 78
166 2 2 40 4 85 106 78
167 2 2 40 4 90 103 78
168 2 2 40 4 110 90 78
169 2 2 40 4 106 95 78
170 2 2 40 4 95 110 78
171 2 2 40 4 87 92 79
172 2 2 40 4 111 87 79
173 2 2 40 4 92 91 79
174 2 2 40 4 91 108 79
175 2 2 40 4 108 111 79
176 2 2 40 4 112 97 82
177 2 2 40 4 100 101 82
178 2 2 40 4 101 112 82
179 2 2 40 4 98 113 83
180 2 2 40 4 111 108 83
181 2 2 40 4 113 111 83
182 2 2 40 4 85 103 113
183 2 2 50 5 25 120 26
184 2 2 50 5 1 118 25
185 2 2 50 5 25 118 46
186 2 2 50 5 25 46 120
187 2 2 50 5 26 119 27
188 2 2 50 5 26 47 119
189 2 2 50 5 26 120 47
190 2 2 50 5 27 121 28
191 2 2 50 5 27 119 48
192 2 2 50 5 27 48 121
193 2 2 50 5 28 114 29
194 2 2 50 5 28 49 114
195 2 2 50 5 28 121 49
196 2 2 50 5 29 115 30
197 2 2 50 5 29 114 50
198 2 2 50 5 29 50 115
199 2 2 50 5 30 117 31
200 2 2 50 5 30 115 51
201 2 2 50 5 30 51 117
202 2 2 50 5 5 31 116
203 2 2 50 5 31 52 116
204 2 2 50 5 31 117 52
205 2 2 50 5 1 4 118
206 2 2 50 5 5 116 8
207 2 2 50 5 8 116 52
208 2 2 50 5 4 46 118
209 2 2 50 5 46 47 120
210 2 2 50 5 47 48 119
211 2 2 50 5 48 49 121
212 2 2 50 5 49 50 114
213 2 2 50 5 50 51 115
214 2 2 50 5 51 52 117
215 2 2 60 6 156 10 9
216 2 2 60 6 145 9 1
217 2 2 60 6 145 156 9
218 2 2 60 6 135 11 10
219 2 2 60 6 156 135 10
220 2 2 60 6 155 12 11
221 2 2 60 6 135 155 11
222 2 2 60 6 12 144 2
223 2 2 60 6 155 144 12
224 2 2 60 6 18 158 17
225 2 2 60 6 17 147 5
226 2 2 60 6 158 147 17
227 2 2 60 6 19 136 18
228 2 2 60 6 136 158 18
229 2 2 60 6 20 157 19
230 2 2 60 6 157 136 19
231 2 2 60 6 146 20 6
232 2 2 60 6 146 157 20
233 2 2 60 6 26 148 25
234 2 2 60 6 25 145 1
235 2 2 60 6 148 145 25
236 2 2 60 6 27 151 26
237 2 2 60 6 133 148 26
238 2 2 60 6 151 133 26
239 2 2 60 6 28 151 27
240 2 2 60 6 29 142 28
241 2 2 60 6 142 151 28
242 2 2 60 6 30 159 29
243 2 2 60 6 159 142 29
244 2 2 60 6 31 149 30
245 2 2 60 6 149 134 30
246 2 2 60 6 134 159 30
247 2 2 60 6 147 31 5
248 2 2 60 6 147 149 31
249 2 2 60 6 160 33 32
250 2 2 60 6 144 32 2
251 2 2 60 6 144 160 32
252 2 2 60 6 140 34 33
253 2 2 60 6 160 140 33
254 2 2 60 6 150 35 34
255 2 2 60 6 140 131 34
256 2 2 60 6 131 150 34
257 2 2 60 6 137 36 35
258 2 2 60 6 150 137 35
259 2 2 60 6 141 37 36
260 2 2 60 6 137 132 36
261 2 2 60 6 132 141 36
262 2 2 60 6 161 38 37
263 2 2 60 6 141 161 37
264 2 2 60 6 38 146 6
265 2 2 60 6 161 146 38
266 2 2 60 6 149 164 134
267 2 2 60 6 162 159 134
268 2 2 60 6 164 162 134
269 2 2 60 6 153 135 126
270 2 2 60 6 135 153 127
271 2 2 60 6 155 135 127
272 2 2 60 6 135 156 126
273 2 2 60 6 136 154 164
274 2 2 60 6 154 136 129
275 2 2 60 6 136 157 129
276 2 2 60 6 158 136 128
277 2 2 60 6 136 164 128
278 2 2 60 6 137 150 124
279 2 2 60 6 132 137 124
280 2 2 60 6 143 138 124
281 2 2 60 6 138 143 130
282 2 2 60 6 138 162 123
283 2 2 60 6 162 138 130
284 2 2 60 6 132 138 123
285 2 2 60 6 138 132 124
286 2 2 60 6 139 143 124
287 2 2 60 6 143 139 125
288 2 2 60 6 152 139 122
289 2 2 60 6 139 152 125
290 2 2 60 6 139 131 122
291 2 2 60 6 131 139 124
292 2 2 60 6 140 153 122
293 2 2 60 6 153 140 127
294 2 2 60 6 140 160 127
295 2 2 60 6 131 140 122
296 2 2 60 6 154 141 123
297 2 2 60 6 141 154 129
298 2 2 60 6 161 141 129
299 2 2 60 6 141 132 123
300 2 2 60 6 142 143 125
301 2 2 60 6 143 142 130
302 2 2 60 6 151 142 125
303 2 2 60 6 142 159 130
304 2 2 60 6 144 155 127
305 2 2 60 6 160 144 127
306 2 2 60 6 145 148 126
307 2 2 60 6 156 145 126
308 2 2 60 6 157 146 129
309 2 2 60 6 146 161 129
310 2 2 60 6 149 147 128
311 2 2 60 6 147 158 128
312 2 2 60 6 148 163 126
313 2 2 60 6 163 148 133
314 2 2 60 6 149 128 164
315 2 2 60 6 150 131 124
316 2 2 60 6 152 151 125
317 2 2 60 6 151 152 133
318 2 2 60 6 163 152 122
319 2 2 60 6 152 163 133
320 2 2 60 6 153 163 122
321 2 2 60 6 163 153 126
322 2 2 60 6 164 154 123
323 2 2 60 6 159 162 130
324 2 2 60 6 162 164 123
325 4 2 100 100 98 161 66 37
326 4 2 100 100 117 149 110 51
327 4 2 100 100 18 158 62 106
328 4 2 100 100 62 22 107 157
329 4 2 100 100 62 107 85 157
330 4 2 100 100 158 136 62 106
331 4 2 100 100 11 57 105 135
332 4 2 100 100 84 156 57 15
333 4 2 100 100 57 11 105 14
334 4 2 100 100 156 10 57 15
335 4 2 100 100 105 11 155 56
336 4 2 100 100 55 156 104 15
337 4 2 100 100 158 18 60 106
338 4 2 100 100 107 22 61 157
339 4 2 100 100 62 18 106 23
340 4 2 100 100 62 22 157 19
341 4 2 100 100 149 147 117 110
342 4 2 100 100 98 161 96 66
343 4 2 100 100 147 31 117 110
344 4 2 100 100 96 161 45 66
345 4 2 100 100 11 105 14 56
346 4 2 100 100 10 156 55 15
347 4 2 100 100 44 98 66 37
348 4 2 100 100 30 149 117 51
349 4 2 100 100 39 69 32 160
350 4 2 100 100 120 25 109 46
351 4 2 100 100 31 52 117 110
352 4 2 100 100 161 45 66 38
353 4 2 100 100 57 84 105 135
354 4 2 100 100 156 84 57 135
355 4 2 100 100 94 97 69 160
356 4 2 100 100 148 120 145 109
357 4 2 100 100 83 44 64 37
358 4 2 100 100 134 30 115 51
359 4 2 100 100 39 94 69 160
360 4 2 100 100 145 120 25 109
361 4 2 100 100 84 57 105 14
362 4 2 100 100 10 156 57 135
363 4 2 100 100 97 140 69 160
364 4 2 100 100 120 148 89 109
365 4 2 100 100 13 56 144 12
366 4 2 100 100 16 9 93 55
367 4 2 100 100 22 61 157 19
368 4 2 100 100 18 60 106 23
369 4 2 100 100 17 147 60 24
370 4 2 100 100 21 96 61 20
371 4 2 100 100 69 140 33 160
372 4 2 100 100 120 89 47 109
373 4 2 100 100 147 158 60 106
374 4 2 100 100 96 107 61 157
375 4 2 100 100 136 18 158 62
376 4 2 100 100 22 62 107 85
377 4 2 100 100 59 21 20 146
378 4 2 100 100 17 58 95 24
379 4 2 100 100 53 13 144 12
380 4 2 100 100 9 16 93 54
381 4 2 100 100 94 105 155 56
382 4 2 100 100 156 145 55 104
383 4 2 100 100 105 11 135 155
384 4 2 100 100 156 84 104 15
385 4 2 100 100 137 150 35 70
386 4 2 100 100 49 86 99 121
387 4 2 100 100 155 94 56 144
388 4 2 100 100 145 93 55 104
389 4 2 100 100 88 143 92 139
390 4 2 100 100 156 84 126 104
391 4 2 100 100 75 105 135 155
392 4 2 100 100 56 155 144 12
393 4 2 100 100 93 16 55 104
394 4 2 100 100 147 31 149 117
395 4 2 100 100 98 96 45 66
396 4 2 100 100 96 61 20 146
397 4 2 100 100 60 147 95 24
398 4 2 100 100 107 77 85 157
399 4 2 100 100 128 136 158 106
400 4 2 100 100 136 62 157 19
401 4 2 100 100 106 62 23 85
402 4 2 100 100 136 62 85 157
403 4 2 100 100 136 62 106 85
404 4 2 100 100 96 61 146 157
405 4 2 100 100 147 60 95 106
406 4 2 100 100 79 92 138 124
407 4 2 100 100 130 143 87 73
408 4 2 100 100 94 13 56 144
409 4 2 100 100 9 145 93 55
410 4 2 100 100 96 21 59 146
411 4 2 100 100 147 17 58 95
412 4 2 100 100 130 162 87 138
413 4 2 100 100 87 111 79 138
414 4 2 100 100 143 130 87 138
415 4 2 100 100 92 87 79 138
416 4 2 100 100 83 64 141 37
417 4 2 100 100 90 134 115 51
418 4 2 100 100 161 98 146 129
419 4 2 100 100 149 95 110 78
420 4 2 100 100 77 85 157 129
421 4 2 100 100 136 128 78 106
422 4 2 100 100 32 39 160 144
423 4 2 100 100 109 25 93 46
424 4 2 100 100 161 45 38 146
425 4 2 100 100 52 31 95 110
426 4 2 100 100 100 82 140 68
427 4 2 100 100 151 133 89 119
428 4 2 100 100 13 94 53 144
429 4 2 100 100 145 9 93 54
430 4 2 100 100 31 147 95 110
431 4 2 100 100 161 96 45 146
432 4 2 100 100 39 94 97 69
433 4 2 100 100 120 148 145 25
434 4 2 100 100 84 126 104 76
435 4 2 100 100 75 135 127 155
436 4 2 100 100 25 93 46 118
437 4 2 100 100 67 39 32 144
438 4 2 100 100 45 65 38 146
439 4 2 100 100 52 31 116 95
440 4 2 100 100 159 90 115 81
441 4 2 100 100 108 64 132 141
442 4 2 100 100 143 92 139 124
443 4 2 100 100 88 143 73 92
444 4 2 100 100 45 96 65 146
445 4 2 100 100 31 147 116 95
446 4 2 100 100 107 21 96 61
447 4 2 100 100 147 158 17 60
448 4 2 100 100 75 112 97 127
449 4 2 100 100 163 148 126 76
450 4 2 100 100 149 90 110 51
451 4 2 100 100 161 98 141 37
452 4 2 100 100 91 100 150 70
453 4 2 100 100 142 151 99 121
454 4 2 100 100 145 148 109 76
455 4 2 100 100 97 94 127 160
456 4 2 100 100 77 107 96 157
457 4 2 100 100 147 128 158 106
458 4 2 100 100 42 137 35 70
459 4 2 100 100 28 86 49 121
460 4 2 100 100 39 94 160 144
461 4 2 100 100 25 145 109 93
462 4 2 100 100 161 98 96 146
463 4 2 100 100 147 149 95 110
464 4 2 100 100 143 87 92 138
465 4 2 100 100 36 108 64 132
466 4 2 100 100 115 159 81 50
467 4 2 100 100 61 20 146 157
468 4 2 100 100 95 60 24 106
469 4 2 100 100 94 127 160 144
470 4 2 100 100 145 109 93 76
471 4 2 100 100 74 88 92 124
472 4 2 100 100 125 143 73 139
473 4 2 100 100 108 83 64 141
474 4 2 100 100 90 134 159 115
475 4 2 100 100 25 145 93 118
476 4 2 100 100 39 67 94 144
477 4 2 100 100 94 105 127 155
478 4 2 100 100 156 145 104 76
479 4 2 100 100 108 36 63 137
480 4 2 100 100 159 114 86 50
481 4 2 100 100 137 42 150 70
482 4 2 100 100 86 28 99 121
483 4 2 100 100 94 67 53 144
484 4 2 100 100 93 145 54 118
485 4 2 100 100 130 162 81 87
486 4 2 100 100 111 79 138 132
487 4 2 100 100 145 1 54 118
488 4 2 100 100 67 3 94 53
489 4 2 100 100 81 130 87 73
490 4 2 100 100 79 138 132 124
491 4 2 100 100 65 96 59 146
492 4 2 100 100 116 147 58 95
493 4 2 100 100 84 156 126 135
494 4 2 100 100 84 75 105 135
495 4 2 100 100 164 128 149 78
496 4 2 100 100 113 77 98 129
497 4 2 100 100 88 125 73 139
498 4 2 100 100 88 74 139 124
499 4 2 100 100 152 125 88 139
500 4 2 100 100 88 74 101 139
501 4 2 100 100 64 36 141 37
502 4 2 100 100 115 90 51 50
503 4 2 100 100 105 94 13 56
504 4 2 100 100 145 9 156 55
505 4 2 100 100 140 100 68 131
506 4 2 100 100 89 151 119 80
507 4 2 100 100 91 108 63 137
508 4 2 100 100 142 159 114 86
509 4 2 100 100 48 89 47 119
510 4 2 100 100 140 34 68 33
511 4 2 100 100 163 152 133 89
512 4 2 100 100 112 101 82 140
513 4 2 100 100 96 7 65 59
514 4 2 100 100 147 5 116 58
515 4 2 100 100 136 128 103 78
516 4 2 100 100 77 85 129 154
517 4 2 100 100 92 143 138 124
518 4 2 100 100 143 87 73 92
519 4 2 100 100 128 147 149 78
520 4 2 100 100 98 77 96 129
521 4 2 100 100 40 97 140 69
522 4 2 100 100 26 120 148 89
523 4 2 100 100 74 101 139 131
524 4 2 100 100 125 152 88 80
525 4 2 100 100 90 115 81 50
526 4 2 100 100 64 36 132 141
527 4 2 100 100 100 34 68 131
528 4 2 100 100 151 48 119 80
529 4 2 100 100 92 88 139 124
530 4 2 100 100 143 88 73 139
531 4 2 100 100 53 67 2 144
532 4 2 100 100 4 93 54 118
533 4 2 100 100 58 116 95 8
534 4 2 100 100 59 65 146 6
535 4 2 100 100 98 96 146 129
536 4 2 100 100 149 147 95 78
537 4 2 100 100 128 147 78 106
538 4 2 100 100 96 77 157 129
539 4 2 100 100 122 101 112 140
540 4 2 100 100 163 152 89 71
541 4 2 100 100 74 91 150 124
542 4 2 100 100 125 142 99 73
543 4 2 100 100 34 140 68 131
544 4 2 100 100 48 89 119 80
545 4 2 100 100 82 40 140 68
546 4 2 100 100 133 26 89 119
547 4 2 100 100 140 40 69 33
548 4 2 100 100 26 120 89 47
549 4 2 100 100 21 96 20 146
550 4 2 100 100 147 17 95 24
551 4 2 100 100 26 133 151 119
552 4 2 100 100 100 40 82 68
553 4 2 100 100 78 136 106 85
554 4 2 100 100 85 136 157 129
555 4 2 100 100 127 94 155 144
556 4 2 100 100 145 93 104 76
557 4 2 100 100 97 112 140 127
558 4 2 100 100 148 163 89 76
559 4 2 100 100 42 100 91 70
560 4 2 100 100 151 142 28 121
561 4 2 100 100 89 26 47 119
562 4 2 100 100 40 140 68 33
563 4 2 100 100 111 87 123 138
564 4 2 100 100 162 72 87 138
565 4 2 100 100 63 42 137 35
566 4 2 100 100 114 28 86 49
567 4 2 100 100 28 142 99 121
568 4 2 100 100 42 91 150 70
569 4 2 100 100 84 75 135 153
570 4 2 100 100 84 126 102 135
571 4 2 100 100 151 28 27 121
572 4 2 100 100 100 42 41 70
573 4 2 100 100 26 151 27 119
574 4 2 100 100 40 100 41 68
575 4 2 100 100 147 95 78 106
576 4 2 100 100 146 96 157 129
577 4 2 100 100 79 132 137 124
578 4 2 100 100 130 81 86 73
579 4 2 100 100 91 79 137 124
580 4 2 100 100 142 130 86 73
581 4 2 100 100 88 125 80 73
582 4 2 100 100 139 74 131 124
583 4 2 100 100 152 88 71 139
584 4 2 100 100 122 88 101 139
585 4 2 100 100 5 31 147 116
586 4 2 100 100 96 7 45 65
587 4 2 100 100 30 90 134 149
588 4 2 100 100 44 83 98 141
589 4 2 100 100 39 67 3 94
590 4 2 100 100 1 145 25 118
591 4 2 100 100 145 156 126 76
592 4 2 100 100 105 75 94 127
593 4 2 100 100 116 52 95 8
594 4 2 100 100 65 38 146 6
595 4 2 100 100 93 4 46 118
596 4 2 100 100 67 32 2 144
597 4 2 100 100 1 9 145 54
598 4 2 100 100 94 3 13 53
599 4 2 100 100 72 162 123 138
600 4 2 100 100 87 72 111 123
601 4 2 100 100 108 91 79 137
602 4 2 100 100 159 142 130 86
603 4 2 100 100 90 30 134 51
604 4 2 100 100 44 83 141 37
605 4 2 100 100 163 122 71 153
606 4 2 100 100 102 122 71 112
607 4 2 100 100 134 30 159 115
608 4 2 100 100 108 83 44 64
609 4 2 100 100 91 92 79 124
610 4 2 100 100 130 142 143 73
611 4 2 100 100 122 88 71 101
612 4 2 100 100 122 152 71 139
613 4 2 100 100 96 21 7 59
614 4 2 100 100 5 147 17 58
615 4 2 100 100 105 75 127 155
616 4 2 100 100 126 156 104 76
617 4 2 100 100 108 79 132 137
618 4 2 100 100 159 130 81 86
619 4 2 100 100 98 44 141 37
620 4 2 100 100 30 90 149 51
621 4 2 100 100 77 113 85 154
622 4 2 100 100 128 164 136 103
623 4 2 100 100 11 10 57 135
624 4 2 100 100 57 84 15 14
625 4 2 100 100 2 53 144 12
626 4 2 100 100 16 4 93 54
627 4 2 100 100 95 58 8 24
628 4 2 100 100 20 59 146 6
629 4 2 100 100 125 99 80 73
630 4 2 100 100 74 150 131 124
631 4 2 100 100 148 145 126 76
632 4 2 100 100 94 75 97 127
633 4 2 100 100 66 161 38 37
634 4 2 100 100 52 117 110 51
635 4 2 100 100 69 33 32 160
636 4 2 100 100 47 120 109 46
637 4 2 100 100 162 72 81 87
638 4 2 100 100 123 111 138 132
639 4 2 100 100 136 18 62 19
640 4 2 100 100 62 22 23 85
641 4 2 100 100 126 84 102 76
642 4 2 100 100 135 75 127 153
643 4 2 100 100 103 136 78 85
644 4 2 100 100 85 136 129 154
645 4 2 100 100 91 137 150 124
646 4 2 100 100 142 86 99 73
647 4 2 100 100 91 74 92 124
648 4 2 100 100 142 125 143 73
649 4 2 100 100 102 163 71 153
650 4 2 100 100 102 122 112 153
651 4 2 100 100 75 84 102 153
652 4 2 100 100 126 102 135 153
653 4 2 100 100 100 74 91 150
654 4 2 100 100 125 142 151 99
655 4 2 100 100 112 140 127 153
656 4 2 100 100 89 163 102 76
657 4 2 100 100 88 122 71 139
658 4 2 100 100 97 112 82 140
659 4 2 100 100 148 163 133 89
660 4 2 100 100 88 152 71 80
661 4 2 100 100 101 122 139 131
662 4 2 100 100 72 103 154 123
663 4 2 100 100 152 133 89 80
664 4 2 100 100 101 82 140 131
665 4 2 100 100 87 72 123 138
666 4 2 100 100 42 91 63 137
667 4 2 100 100 28 142 114 86
668 4 2 100 100 122 101 140 131
669 4 2 100 100 152 89 71 80
670 4 2 100 100 140 97 127 160
671 4 2 100 100 148 89 109 76
672 4 2 100 100 161 98 129 141
673 4 2 100 100 90 149 110 78
674 4 2 100 100 113 72 154 123
675 4 2 100 100 164 103 72 123
676 4 2 100 100 42 91 43 63
677 4 2 100 100 142 29 28 114
678 4 2 100 100 72 103 113 154
679 4 2 100 100 103 164 154 123
680 4 2 100 100 26 148 133 89
681 4 2 100 100 40 97 82 140
682 4 2 100 100 29 142 159 114
683 4 2 100 100 91 108 43 63
684 4 2 100 100 102 84 135 153
685 4 2 100 100 44 98 45 66
686 4 2 100 100 31 30 149 117
687 4 2 100 100 163 89 102 71
688 4 2 100 100 112 122 140 153
689 4 2 100 100 90 164 149 78
690 4 2 100 100 98 113 129 141
691 4 2 100 100 75 112 127 153
692 4 2 100 100 163 126 102 76
693 4 2 100 100 113 111 123 141
694 4 2 100 100 90 162 164 72
695 4 2 100 100 81 159 86 50
696 4 2 100 100 36 108 132 137
697 4 2 100 100 163 122 152 71
698 4 2 100 100 71 122 101 112
699 4 2 100 100 134 159 162 81
700 4 2 100 100 83 108 111 132
701 4 2 100 100 164 136 103 154
702 4 2 100 100 113 103 85 154
703 4 2 100 100 40 39 97 69
704 4 2 100 100 120 26 148 25
705 4 2 100 100 30 29 159 115
706 4 2 100 100 108 44 43 64
707 4 2 100 100 11 155 56 12
708 4 2 100 100 16 55 104 15
709 4 2 100 100 122 102 71 153
710 4 2 100 100 150 100 34 70
711 4 2 100 100 151 48 99 121
712 4 2 100 100 90 162 72 81
713 4 2 100 100 123 111 132 141
714 4 2 100 100 36 63 137 35
715 4 2 100 100 114 86 50 49
716 4 2 100 100 42 91 137 150
717 4 2 100 100 28 142 86 99
718 4 2 100 100 134 90 162 164
719 4 2 100 100 83 111 113 141
720 4 2 100 100 134 90 164 149
721 4 2 100 100 83 113 98 141
722 4 2 100 100 14 105 13 56
723 4 2 100 100 156 9 10 55
724 4 2 100 100 133 151 89 80
725 4 2 100 100 82 100 140 131
726 4 2 100 100 90 134 162 81
727 4 2 100 100 111 83 132 141
728 4 2 100 100 113 77 129 154
729 4 2 100 100 128 164 103 78
730 4 2 100 100 162 164 72 123
731 4 2 100 100 111 72 113 123
732 4 2 100 100 158 18 17 60
733 4 2 100 100 107 22 21 61
734 4 2 100 100 126 163 102 153
735 4 2 100 100 75 102 112 153
736 4 2 100 100 151 27 48 121
737 4 2 100 100 100 41 34 70
738 4 2 100 100 41 100 34 68
739 4 2 100 100 27 151 48 119
740 4 2 100 100 101 100 82 131
741 4 2 100 100 133 152 151 80
742 4 2 100 100 100 150 34 131
743 4 2 100 100 48 151 99 80
744 4 2 100 100 108 36 43 63
745 4 2 100 100 159 29 114 50
746 4 2 100 100 164 90 103 78
747 4 2 100 100 129 113 154 141
748 4 2 100 100 90 164 103 72
749 4 2 100 100 154 113 123 141
750 4 2 100 100 100 74 150 131
751 4 2 100 100 151 125 99 80
752 4 2 100 100 60 24 106 23
753 4 2 100 100 61 20 157 19
754 4 2 100 100 5 116 58 8
755 4 2 100 100 7 65 59 6
756 4 2 100 100 134 90 159 81
757 4 2 100 100 83 108 132 141
758 4 2 100 100 111 108 79 132
759 4 2 100 100 159 130 162 81
760 4 2 100 100 103 136 85 154
761 4 2 100 100 36 108 43 64
762 4 2 100 100 29 159 115 50
763 4 2 100 100 67 3 53 2
764 4 2 100 100 1 4 54 118
765 4 2 100 100 35 150 34 70
766 4 2 100 100 48 49 99 121
767 4 2 100 100 152 125 151 80
768 4 2 100 100 101 74 100 131
$EndElements
