0 -0.065 0
0 0.065 0
0 0.065 0.03
0 -0.065 0.03
0 -0.03900000000005482 0
0 -0.01300000000013007 0
0 0.01299999999986872 0
0 0.03899999999993226 0
0 0.03900000000005482 0.03
0 0.01300000000013007 0.03
0 -0.01299999999986872 0.03
0 -0.03899999999993226 0.03
0 -0.05010495626824479 0.01499999999999613
0 0.05010495626824479 0.01500000000000387
0 -0.02600000000009245 0.01499999999994689
0 0.02600000000009245 0.01500000000005311
0 5.782411586589357e-019 0.015
0.23 -0.065 0
0.23 0.065 0
0.23 0.065 0.03
0.23 -0.065 0.03
0.23 -0.03900000000005482 0
0.23 -0.01300000000013007 0
0.23 0.01299999999986872 0
0.23 0.03899999999993226 0
0.23 0.03900000000005482 0.03
0.23 0.01300000000013007 0.03
0.23 -0.01299999999986872 0.03
0.23 -0.03899999999993226 0.03
0.23 -0.05010495626824479 0.01499999999999613
0.23 0.05010495626824479 0.01500000000000387
0.23 -0.02600000000009245 0.01499999999994689
0.23 0.02600000000009245 0.01500000000005311
0.23 5.782411586589357e-019 0.015
0.02874999999994827 0.065 0
0.05749999999986412 0.065 0
0.08624999999978202 0.065 0
0.1149999999996972 0.065 0
0.1437499999997776 0.065 0
0.1724999999998554 0.065 0
0.2012499999999277 0.065 0
0.02874999999994827 0.065 0.03
0.05749999999986412 0.065 0.03
0.08624999999978202 0.065 0.03
0.1149999999996972 0.065 0.03
0.1437499999997776 0.065 0.03
0.1724999999998554 0.065 0.03
0.2012499999999277 0.065 0.03
0.1293749999997374 0.065 0.01499999999999999
0.01437499999997413 0.065 0.015
0.07187499999982307 0.065 0.015
0.1006249999997431 0.065 0.015
0.04312499999990554 0.065 0.015
0.1581249999998163 0.065 0.01499999999999999
0.2156249999999639 0.065 0.015
0.1868749999998911 0.065 0.015
0.02874999999994827 -0.065 0.03
0.05749999999986412 -0.065 0.03
0.08624999999978202 -0.065 0.03
0.1149999999996972 -0.065 0.03